1	41	1	1	8	6	4	1	2	2	2	1	2	5	4	4	3	4	4	4	4	2	4	2	2	5	3	5	1	4	2	4	4	4	4	3	1	2	4	5	4	4	1	1	2	1	1	1	1	1	1	1	5	1	5	5	5	5
2	46	1	1	9	6	1	5	5	1	5	1	1	4	5	5	1	2	5	5	3	3	4	1	1	5	5	4	4	3	2	4	2	4	4	3	5	5	5	4	5	2	4	1	5	1	5	4	4	5	4	4	1	2	7	4	6	6
3	49	2	1	6	5	2	2	4	5	4	2	4	4	4	5	2	2	4	4	2	2	4	4	2	5	4	4	2	4	2	4	2	4	4	3	4	4	4	4	4	2	2	4	4	1	4	4	4	4	4	4	1	4	4	4	4	4
4	32	2	1	10	6	4	2	2	4	2	4	4	4	2	2	1	1	2	2	1	2	2	2	2	5	2	2	1	1	2	2	2	2	1	3	2	2	2	1	1	2	2	2	1	1	2	1	2	2	2	2	6	6	4	4	5	6
5	37	2	1	8	5	1	5	2	4	1	1	4	5	5	4	1	2	4	5	3	1	2	1	3	5	5	5	4	3	3	2	1	4	4	3	5	4	5	4	5	4	1	4	1	1	4	4	4	4	4	4	3	6	6	1	6	3
6	22	1	0	10	6	3	3	2	4	4	3	5	5	4	4	1	1	5	2	3	3	4	2	3	5	5	2	4	4	3	3	4	4	4	3	2	4	2	5	4	3	3	3	4	1	4	4	4	5	4	5	5	6	5	4	7	6
7	48	1	1	9	6	3	3	5	3	3	2	2	2	5	3	2	4	4	5	2	2	4	2	2	5	4	3	2	3	3	3	4	3	3	3	4	4	4	4	4	2	4	2	3	1	4	3	2	4	2	3	3	4	5	5	2	3
8	36	1	0	8	5	4	2	4	4	3	5	1	4	5	2	2	4	5	4	1	1	4	1	1	5	4	5	2	1	3	3	4	5	4	3	1	5	4	4	5	4	2	4	2	1	4	4	4	5	4	4	2	3	4	2	4	2
9	33	2	0	10	6	2	3	4	2	5	1	1	3	5	4	2	4	4	3	2	3	4	1	4	5	4	2	3	5	2	4	1	5	4	3	5	5	4	5	5	1	4	1	5	1	5	5	5	5	5	5	4	7	7	7	4	4
10	60	1	0	8	7	1	5	5	1	5	3	1	3	5	5	2	5	5	5	2	3	3	1	5	5	5	3	5	1	3	5	1	5	3	3	4	4	4	5	5	4	3	1	5	1	4	4	4	4	4	4	4	6	6	3	6	3
11	50	1	0	10	7	4	2	4	5	2	1	5	5	4	5	1	2	5	1	1	2	5	1	3	5	1	3	3	5	3	3	1	3	4	3	5	5	1	5	5	1	4	5	1	1	5	5	5	5	5	5	4	4	1	1	1	1
12	57	1	1	8	6	1	5	5	3	4	1	1	2	5	4	1	2	4	4	1	1	4	1	3	5	2	5	2	5	4	4	4	3	2	3	5	5	4	5	5	2	5	2	5	1	5	5	5	5	5	4	4	6	6	6	4	4
13	41	2	1	12	6	4	1	5	1	2	1	1	5	5	4	4	2	5	1	2	3	4	2	1	5	2	5	2	5	4	1	5	5	1	3	4	5	1	5	4	2	5	2	5	1	5	5	4	5	4	5	6	7	7	6	5	5
14	29	2	1	9	6	4	1	2	2	2	2	2	5	1	3	2	2	5	4	5	3	4	3	1	5	4	5	2	3	2	3	4	1	4	3	4	3	2	5	4	3	2	3	4	1	3	4	4	4	3	3	2	1	7	1	7	4
15	29	1	0	6	7	1	5	5	1	5	1	1	1	5	5	1	3	5	5	3	3	3	1	4	5	5	3	4	5	1	5	1	5	5	3	5	5	5	1	5	5	5	1	1	1	5	5	5	5	5	5	4	6	6	5	4	4
16	54	2	1	9	6	1	4	5	4	4	1	1	1	5	4	4	2	5	3	2	2	2	1	3	5	4	2	5	3	4	4	3	4	2	3	5	4	5	5	4	3	4	1	5	1	3	2	2	5	4	3	3	7	7	7	7	5
17	58	1	1	9	6	3	4	5	4	4	1	2	5	5	4	2	2	5	4	1	1	5	1	4	5	4	3	2	4	4	1	2	3	2	3	4	4	5	5	5	5	2	5	1	1	4	4	4	5	4	4	3	6	6	4	2	2
18	40	1	1	10	6	3	2	2	4	4	3	5	4	4	5	2	5	5	3	1	1	2	4	2	5	5	4	3	5	4	3	2	4	4	3	4	4	4	4	4	3	4	4	3	1	4	3	2	4	4	4	5	4	5	5	4	4
19	36	1	0	9	6	4	4	4	3	3	3	3	4	3	4	2	2	5	3	2	1	4	3	2	5	3	5	2	4	3	3	3	3	3	3	4	3	3	4	4	4	3	3	3	1	4	3	4	4	3	4	2	3	4	3	2	2
20	55	2	0	10	5	3	3	4	3	3	4	2	3	5	5	4	3	3	3	3	4	3	3	3	5	3	4	3	4	3	3	3	3	3	3	3	3	3	3	4	2	3	3	3	1	4	4	4	4	4	3	4	5	5	4	4	5
21	33	1	1	12	5	4	1	4	1	5	5	1	4	5	5	1	2	4	5	1	4	5	1	1	5	1	5	3	5	2	4	5	4	3	3	5	5	2	1	5	3	3	2	1	1	4	4	3	4	4	3	1	5	6	4	3	2
22	29	1	1	10	6	4	5	5	1	3	3	1	5	5	3	4	3	4	5	2	3	4	3	3	5	4	3	2	5	3	2	2	5	4	3	5	5	5	4	4	4	4	5	5	1	4	4	4	4	4	4	4	3	2	6	3	5
23	44	2	0	10	6	5	1	1	5	1	5	5	5	1	1	4	2	4	3	3	2	4	2	3	5	4	3	4	5	2	4	5	3	2	3	5	4	4	5	5	4	5	4	5	1	4	4	4	4	4	4	1	1	7	7	5	1
24	34	2	0	9	7	2	3	4	3	5	5	4	4	4	5	1	3	5	5	2	2	4	2	3	5	4	4	2	5	3	4	2	3	3	3	5	5	4	5	5	2	4	3	5	1	5	5	5	5	5	5	4	5	5	2	2	3
25	28	1	1	8	5	3	3	4	4	4	2	2	4	4	4	3	4	3	4	2	4	4	3	3	5	3	4	3	3	3	3	2	4	4	3	2	3	4	4	4	3	3	3	5	1	4	4	3	4	3	4	2	3	3	2	3	2
26	51	1	1	4	7	1	3	2	3	5	3	4	4	5	5	2	1	1	2	2	3	1	3	1	5	3	4	3	3	4	5	4	4	3	3	4	4	3	4	4	4	2	4	5	1	2	2	1	2	2	3	7	4	5	6	6	6
27	30	1	0	10	6	3	4	5	1	5	2	4	3	2	5	4	2	5	4	3	2	2	2	3	5	4	2	4	1	3	3	2	5	3	3	5	5	3	5	4	4	3	2	3	1	4	4	4	4	4	5	5	6	7	5	5	5
28	30	1	0	7	7	4	4	5	1	4	1	1	5	5	5	1	2	5	1	5	5	5	1	5	5	5	1	4	1	1	5	1	4	5	3	5	5	4	5	5	4	5	1	5	1	4	5	5	5	5	5	7	7	7	7	7	7
29	53	1	1	10	6	4	4	4	2	3	2	1	4	5	4	2	2	4	3	2	2	4	2	4	5	4	4	3	5	4	2	4	4	1	3	4	4	4	5	4	4	2	2	5	1	4	4	4	4	4	4	2	6	7	5	3	2
30	65	1	0	10	6	3	4	2	2	4	4	4	4	5	4	4	3	5	2	2	2	4	2	3	5	2	4	2	4	4	3	4	4	2	3	4	4	2	4	4	2	4	4	4	1	4	3	3	4	4	3	4	5	6	5	5	5
31	35	1	1	12	6	1	5	5	1	1	5	2	1	5	1	4	2	3	1	1	1	3	3	3	5	2	2	3	1	3	5	1	5	3	3	2	3	1	5	4	2	3	3	1	1	4	4	4	5	3	4	5	6	4	6	5	5
32	67	2	0	9	6	2	4	5	4	5	1	5	3	5	4	4	3	5	5	1	1	4	1	3	5	2	4	2	4	4	4	4	4	3	3	3	4	5	5	4	2	2	2	5	1	4	3	3	5	4	4	1	6	6	3	6	3
33	61	2	0	8	4	2	5	5	2	5	5	5	5	5	5	2	3	4	4	2	2	4	2	2	5	3	4	4	2	4	4	4	3	3	3	2	4	4	4	4	3	2	2	4	5	3	4	3	4	4	4	1	1	1	1	1	1
34	24	1	1	10	7	4	2	1	4	2	4	5	5	2	5	1	2	4	1	3	4	4	2	2	5	2	5	2	5	3	4	5	5	5	3	2	2	2	3	4	3	2	2	1	1	4	4	3	4	4	3	5	6	6	4	6	4
35	38	1	1	9	6	4	2	4	4	2	4	3	3	2	1	4	2	4	4	2	3	4	2	3	5	4	4	4	5	2	4	2	4	2	3	2	4	3	5	4	4	4	2	5	1	3	4	3	4	3	4	6	7	7	5	7	5
36	55	1	0	8	6	1	5	5	1	5	1	5	5	5	5	1	4	5	5	3	2	4	1	3	5	4	4	2	3	4	4	4	5	3	3	2	4	4	5	5	2	2	2	4	1	4	4	3	2	5	3	4	5	5	3	5	5
37	27	1	1	8	3	4	4	3	4	4	4	2	4	5	4	3	4	5	1	1	2	5	4	3	5	2	5	1	5	3	4	2	5	4	3	5	5	5	5	5	1	5	1	5	1	4	4	4	5	4	4	2	5	5	1	5	1
38	30	2	0	11	6	5	1	2	4	1	1	5	5	2	2	1	2	4	3	3	3	4	2	1	5	2	5	1	1	2	4	4	4	1	3	5	1	2	5	5	2	4	2	1	1	3	4	3	5	4	3	2	4	1	4	1	3
39	49	1	0	9	6	4	3	5	4	4	1	1	4	5	4	2	3	4	3	3	4	5	3	4	5	5	5	3	5	4	4	4	4	4	3	3	4	2	4	4	3	2	1	4	1	4	4	4	4	4	4	2	5	5	2	5	2
40	38	2	0	10	5	3	2	4	2	2	2	4	2	3	4	3	3	2	2	2	4	3	2	4	5	2	2	2	2	3	3	3	4	3	3	2	3	1	1	2	2	4	3	3	1	3	4	3	2	3	3	3	6	6	7	2	1
41	67	2	1	9	3	4	4	5	4	4	4	3	2	5	4	3	2	4	5	3	1	5	1	2	5	1	5	1	5	4	3	4	1	2	3	5	4	5	5	5	4	1	2	5	1	4	4	4	5	4	5	3	3	5	4	4	2
42	40	1	0	7	5	4	2	5	4	2	4	4	4	2	2	4	2	4	2	2	2	4	2	4	5	4	4	4	4	4	4	4	4	4	3	5	4	4	5	5	2	4	2	4	1	4	4	4	4	4	4	3	2	3	2	2	2
43	40	1	1	9	6	3	4	4	4	4	1	1	4	4	4	1	2	4	5	1	1	4	1	2	5	4	3	3	4	2	4	2	5	2	3	4	4	4	3	4	2	1	2	4	1	2	2	1	2	2	2	1	5	5	5	2	6
44	36	1	1	9	5	2	4	4	2	4	1	2	2	5	5	2	3	5	5	2	2	2	1	4	5	5	3	4	3	2	4	2	4	3	3	2	4	4	4	5	3	4	1	5	1	2	2	2	2	2	2	1	6	3	5	4	5
45	51	2	1	10	7	2	5	5	2	4	2	4	4	5	4	4	2	4	2	3	2	4	1	4	5	4	4	4	5	2	5	4	4	4	3	3	5	2	5	5	2	5	2	5	1	5	5	4	5	5	4	5	6	4	7	5	5
46	32	2	0	5	4	3	3	3	3	3	3	3	3	3	3	3	3	3	3	3	3	3	3	3	5	3	3	3	3	3	3	3	3	3	3	3	3	3	3	3	3	3	3	3	1	3	3	3	3	3	3	4	5	4	5	3	5
47	32	2	0	4	4	3	3	3	3	3	3	3	3	3	3	3	3	3	3	3	3	3	3	3	5	3	3	3	3	3	3	3	3	3	3	3	3	3	3	3	3	3	3	3	1	3	3	3	3	3	3	5	4	3	5	4	6
48	42	1	1	11	6	3	3	4	1	2	3	2	4	3	4	2	4	4	4	1	1	5	1	1	5	2	5	2	5	3	4	3	4	2	3	5	4	3	5	5	3	4	3	5	1	5	5	5	5	5	5	3	6	5	5	4	3
49	50	1	0	10	7	3	3	4	5	3	4	1	3	4	3	2	2	5	5	3	3	3	1	3	5	4	4	3	5	3	4	3	5	4	3	4	4	4	5	5	4	4	3	3	1	5	4	4	5	4	5	3	6	6	6	4	3
50	36	2	1	9	6	3	1	5	5	5	5	5	5	5	3	3	5	5	4	3	1	5	1	3	5	4	5	4	5	5	1	4	4	3	3	5	3	4	5	4	3	5	5	4	1	5	4	4	4	5	4	5	6	7	7	6	5
51	38	2	0	9	6	4	4	5	4	2	1	1	2	5	2	3	2	4	3	1	1	4	1	1	5	3	4	2	5	2	4	2	4	5	3	5	5	5	4	5	2	5	1	5	1	4	5	4	5	4	4	2	6	6	6	5	1
52	46	2	1	12	7	1	5	5	2	4	4	2	2	5	4	2	1	4	2	1	1	2	1	5	5	4	1	4	5	2	2	4	1	4	3	5	4	2	2	4	2	4	4	4	1	5	4	4	5	4	4	1	5	7	6	4	1
53	32	2	1	8	6	4	2	5	5	4	5	5	5	5	1	4	1	5	1	5	4	2	1	1	5	5	4	2	5	1	5	1	5	2	3	5	5	2	5	5	1	2	1	5	1	5	5	5	5	5	2	3	4	4	2	4	2
54	37	1	0	9	5	3	2	5	4	4	2	4	4	4	5	1	4	5	2	1	1	5	2	2	5	4	4	3	4	5	1	2	2	2	3	5	4	4	4	4	2	1	5	4	1	3	4	2	4	2	2	5	2	5	3	5	2
55	42	2	0	10	6	4	4	5	1	1	4	1	4	4	1	4	2	4	4	2	2	4	1	4	5	2	4	4	4	4	2	4	2	2	3	4	4	4	4	4	4	4	4	4	1	4	4	4	4	4	4	5	6	6	5	5	6
56	34	1	1	12	7	3	3	5	2	4	2	2	4	4	4	4	1	5	3	2	3	4	3	3	5	4	4	4	5	2	3	4	3	4	3	3	4	4	4	2	4	2	4	4	1	5	5	4	4	4	4	4	6	6	5	5	5
57	38	1	0	10	6	5	1	2	4	5	4	5	5	4	5	1	2	5	2	1	1	1	4	1	5	5	4	2	5	5	3	2	4	4	3	2	5	4	4	5	2	4	2	3	1	4	4	5	5	4	5	1	3	5	5	1	1
58	28	3	1	9	6	4	2	2	4	2	2	4	4	3	2	5	2	4	2	1	1	5	2	2	5	4	5	2	5	3	2	2	5	4	3	5	5	4	5	4	2	5	2	5	1	5	5	5	5	5	5	5	5	2	3	1	1
59	35	2	1	10	6	2	5	4	1	5	4	1	4	5	5	2	1	5	5	1	2	5	1	5	5	4	5	3	5	1	3	2	3	4	3	5	5	5	5	5	2	1	1	3	1	4	5	5	5	4	4	4	5	4	3	5	6
60	41	1	1	4	5	4	4	4	4	3	4	3	3	4	4	4	3	4	4	4	4	4	4	4	5	4	4	3	4	3	4	3	5	4	4	4	4	4	4	4	4	3	2	4	1	4	4	4	4	4	4	4	3	5	4	3	3
61	55	2	0	8	5	4	1	4	2	4	4	4	4	4	3	4	2	4	4	2	1	4	2	1	5	3	5	2	5	4	3	2	3	3	3	5	3	5	5	5	3	3	3	5	1	4	4	4	5	4	4	1	1	3	3	1	2
62	33	1	1	4	1	4	2	4	4	1	5	1	5	5	3	1	4	4	5	1	2	5	1	1	5	2	4	2	1	1	3	4	4	4	3	4	4	4	5	4	2	4	1	4	1	1	1	1	1	1	1	4	1	1	1	4	4
63	26	2	0	7	4	4	3	3	4	2	3	3	3	3	3	3	3	4	3	3	3	4	2	4	5	4	4	2	4	4	5	5	4	4	3	2	3	3	4	2	3	4	2	3	1	5	5	5	4	5	5	4	1	1	5	1	1
64	26	2	0	9	7	4	4	5	4	4	3	4	4	4	2	4	3	4	3	3	5	4	4	4	5	2	4	4	3	3	4	2	3	3	3	4	5	4	4	4	4	4	4	5	1	4	4	4	4	4	4	4	5	6	4	5	4
65	69	2	1	10	6	1	5	5	1	5	5	1	1	5	5	1	2	5	5	3	1	2	1	4	5	3	3	5	4	5	1	5	5	5	3	5	4	5	5	5	3	2	1	5	1	3	2	2	3	3	3	1	4	1	7	4	7
66	59	2	0	11	3	3	5	5	4	2	3	1	5	5	3	1	3	4	4	2	3	3	1	1	5	5	5	2	5	3	3	5	4	5	3	5	5	4	5	4	4	4	4	5	1	4	5	4	4	4	5	1	1	1	4	1	1
67	40	1	1	11	7	4	2	1	4	5	2	2	5	4	4	4	5	5	2	1	1	1	2	1	5	5	5	1	5	2	3	1	5	5	3	2	4	2	5	5	1	5	2	2	1	5	5	5	5	5	5	1	6	7	7	6	4
68	37	1	0	13	6	5	3	4	4	1	5	4	4	5	2	2	3	5	3	2	1	3	2	1	5	5	4	3	5	1	5	1	4	4	3	5	4	2	5	5	2	1	3	4	1	5	5	5	5	5	5	3	5	6	5	2	3
69	42	1	1	10	5	3	3	3	4	4	4	2	3	2	4	5	2	4	5	3	1	2	3	3	5	2	2	2	2	4	3	3	2	3	3	4	4	3	3	4	3	4	1	5	1	3	4	2	3	3	2	3	4	5	3	4	2
70	34	2	1	11	7	3	2	4	2	3	4	4	4	4	4	2	1	5	2	2	1	3	1	3	5	4	3	2	5	2	3	2	4	4	3	4	4	3	4	5	3	2	2	3	1	5	5	5	5	5	5	3	6	7	6	2	3
71	39	2	0	9	6	2	4	4	1	4	1	1	4	5	3	2	1	5	4	4	2	4	1	1	5	4	4	2	4	2	2	4	1	3	3	4	5	4	5	5	3	5	1	4	1	4	4	4	5	4	4	1	3	6	5	5	1
72	20	1	1	10	6	4	3	3	4	3	4	4	4	2	2	5	3	3	3	3	3	4	4	3	5	3	4	3	4	4	3	3	3	4	3	4	3	4	3	3	4	4	2	3	1	5	4	4	4	3	4	3	4	5	4	4	3
73	38	2	0	11	6	2	2	4	4	2	2	2	4	5	5	2	4	5	4	4	4	2	4	2	5	4	4	2	4	3	3	4	3	4	3	2	5	4	5	5	1	5	1	5	1	1	1	1	1	1	1	4	5	5	5	4	6
74	41	1	1	8	4	4	2	2	4	1	5	5	5	3	2	2	2	5	2	1	1	4	3	2	5	2	5	2	5	5	4	5	5	2	3	5	5	4	4	5	4	4	4	2	1	1	2	1	2	4	1	2	4	5	2	4	2
75	45	2	0	9	6	2	4	4	4	4	2	1	4	5	4	2	2	5	4	4	4	4	1	3	5	4	3	4	3	2	5	2	3	3	3	4	5	4	5	4	2	4	3	5	1	4	4	4	5	4	4	3	5	4	5	4	3
76	58	2	1	10	7	5	2	4	4	2	4	5	5	2	2	4	4	4	5	1	1	4	1	2	5	4	4	2	5	1	2	1	2	2	3	5	5	5	5	4	2	4	1	5	1	5	5	5	5	5	5	3	6	7	6	7	6
77	40	1	1	8	5	1	5	5	1	5	1	1	4	5	5	1	3	5	4	1	3	2	3	2	5	4	5	2	4	5	3	4	5	5	3	5	4	4	3	5	5	1	2	3	1	1	1	1	3	3	2	1	3	5	6	6	5
78	67	2	1	5	6	1	3	4	3	2	3	3	2	5	2	4	2	5	3	2	2	4	2	1	5	3	3	3	4	2	3	3	3	3	3	3	3	4	5	4	3	3	2	3	1	3	2	2	2	3	3	1	4	6	4	5	1
79	33	1	0	10	6	4	3	4	2	5	2	4	4	5	5	1	4	5	5	3	4	4	2	3	5	4	3	3	5	2	4	5	4	4	3	4	4	5	5	5	2	3	2	5	1	4	4	4	5	4	4	2	6	6	5	5	5
80	53	2	0	10	5	1	5	5	1	5	1	1	4	5	5	3	1	5	5	3	4	2	1	1	5	5	4	2	2	2	1	1	4	1	3	5	4	4	4	5	2	4	3	4	1	4	4	4	4	4	4	1	4	4	2	2	5
81	41	1	1	10	7	2	5	4	3	4	1	1	4	5	5	5	2	5	4	4	3	4	1	3	5	5	5	4	4	2	4	2	4	5	3	4	5	4	5	5	2	4	1	2	1	5	5	4	5	4	3	5	6	7	7	6	6
82	35	1	0	8	4	2	4	2	2	4	4	2	5	4	4	2	2	5	4	2	2	5	4	1	5	4	5	4	1	4	2	5	4	4	3	2	5	4	5	4	4	4	5	4	1	1	1	1	1	1	1	4	5	5	4	6	3
83	39	2	0	15	7	1	5	5	5	1	1	3	1	5	4	1	1	4	5	5	3	5	1	1	5	5	5	3	1	3	5	5	3	2	3	5	5	5	5	5	1	5	1	5	1	4	4	4	4	4	4	2	5	4	5	2	4
84	40	1	1	1	1	4	3	3	1	4	4	4	5	5	4	1	3	4	4	3	3	5	1	1	5	3	5	1	1	3	3	5	4	2	3	3	3	2	5	5	3	3	4	1	1	3	1	1	3	3	1	1	1	1	1	1	1
85	40	1	1	9	6	5	3	5	3	3	3	4	4	4	3	3	3	3	4	3	2	3	3	3	5	3	3	3	3	3	3	3	3	3	3	4	4	3	4	4	3	3	4	4	1	3	3	3	3	3	3	4	7	5	4	4	4
86	30	1	0	8	1	4	4	5	1	5	1	5	4	5	5	2	2	5	5	1	2	1	1	4	5	4	4	4	4	4	5	5	5	5	3	4	4	5	5	1	2	1	2	5	1	4	5	4	5	5	4	1	6	5	1	3	2
87	41	2	0	12	6	4	1	5	5	1	2	1	5	4	1	4	2	4	5	2	2	4	2	2	5	2	3	3	5	4	3	4	4	4	3	4	3	5	5	4	4	4	3	5	1	3	3	2	4	3	4	2	6	4	6	5	5
88	27	2	1	10	6	4	4	5	2	4	2	1	4	5	4	4	1	5	4	1	1	5	1	2	5	2	4	3	3	3	2	3	3	1	3	4	4	4	4	4	3	4	3	5	1	4	4	3	4	3	3	3	5	5	4	2	3
89	42	2	1	10	6	3	3	5	3	4	3	1	5	4	3	4	4	5	4	2	2	4	1	2	5	4	3	4	4	2	3	3	4	4	3	4	5	4	5	5	3	3	4	5	1	3	3	3	4	3	4	3	6	2	4	2	4
90	45	2	0	10	7	4	2	4	4	1	2	3	4	5	2	3	2	5	4	1	1	4	1	2	5	3	4	2	5	2	2	2	2	3	3	4	3	3	5	4	3	4	4	5	1	4	4	5	4	3	4	5	6	6	6	3	4
91	55	2	1	9	6	5	5	4	1	5	1	4	4	5	5	2	1	5	3	3	2	2	1	1	5	5	5	3	5	1	3	3	4	4	3	5	5	1	5	5	3	5	5	3	1	5	5	4	5	5	4	1	3	1	1	1	1
92	46	1	1	8	5	4	2	2	4	2	4	4	2	2	2	2	2	4	4	3	1	4	2	1	5	2	4	2	5	2	2	4	2	2	3	4	2	2	5	4	2	4	4	4	1	1	1	1	1	2	1	1	1	2	2	2	1
93	47	2	0	11	6	3	2	5	1	2	2	1	4	5	2	4	1	5	5	3	2	4	1	3	5	5	4	2	4	2	3	2	4	5	3	3	4	4	5	5	2	4	2	5	1	5	4	4	5	4	3	6	6	7	5	5	5
94	42	2	0	10	7	1	4	5	1	2	1	1	5	5	5	2	1	5	4	1	4	4	1	3	5	5	3	4	3	1	5	1	5	5	3	4	5	4	5	5	3	2	1	4	1	5	5	5	5	4	4	1	1	1	1	2	1
95	37	2	1	8	6	2	3	5	3	3	2	1	4	5	2	3	5	5	4	3	3	4	3	3	5	4	3	4	3	4	3	3	4	2	3	4	4	3	4	4	4	3	3	5	1	4	4	4	4	4	2	2	7	5	6	5	4
96	27	1	1	1	2	2	4	4	2	4	2	2	2	4	4	3	4	3	4	3	3	3	2	4	5	2	2	4	2	3	3	3	4	2	3	3	4	4	2	4	3	3	3	4	1	2	2	2	2	3	2	2	2	2	2	2	2
97	48	1	0	8	5	5	4	3	5	3	5	5	5	4	3	4	1	5	2	2	1	3	1	2	5	4	5	2	5	4	3	3	4	4	3	4	3	4	5	5	4	2	1	3	1	4	2	3	5	4	4	4	5	6	4	4	6
98	32	2	0	8	5	4	3	2	4	2	5	2	5	4	3	3	1	5	5	2	2	5	2	3	5	5	3	5	3	2	3	4	3	3	3	5	3	5	5	5	3	3	3	3	1	2	2	2	2	2	2	1	4	3	1	4	1
99	29	1	1	11	5	4	3	3	4	3	1	1	2	5	2	4	1	5	4	5	4	5	1	2	5	5	5	2	5	2	5	4	3	4	3	4	3	4	5	5	3	5	2	5	1	5	5	4	5	4	5	5	6	4	5	4	6
100	29	1	1	8	5	2	5	4	2	1	2	4	4	4	2	5	1	5	2	2	1	4	2	1	5	4	5	2	5	4	2	1	5	4	3	4	2	5	5	4	4	5	2	5	1	4	4	4	4	2	4	2	5	5	3	5	2
101	36	1	0	9	7	1	5	5	1	5	1	1	3	5	5	1	5	5	5	1	3	1	1	5	5	5	5	1	5	3	5	3	5	5	3	4	5	5	5	5	1	1	1	5	1	5	5	5	5	5	5	6	7	7	7	5	4
102	30	1	1	9	6	2	5	5	4	5	5	4	5	5	5	5	4	5	5	2	2	3	1	4	5	2	5	4	4	1	5	2	4	2	3	5	5	5	5	5	4	5	2	5	1	5	4	4	5	4	4	2	4	7	6	4	4
103	34	1	0	10	7	4	5	4	1	4	4	1	5	5	5	4	2	5	5	1	1	5	1	4	5	4	4	4	5	2	1	5	4	4	3	5	5	4	4	4	5	4	4	5	1	5	5	5	5	5	4	6	6	6	6	6	6
104	43	2	1	10	6	1	4	5	1	4	5	2	1	5	5	2	1	5	3	2	2	2	1	3	5	5	4	4	5	1	3	3	4	1	3	4	5	2	5	4	1	2	1	3	1	4	5	4	5	5	4	2	7	7	3	6	2
105	33	1	1	10	4	2	4	4	4	2	2	1	4	4	3	4	4	4	5	1	1	4	2	2	5	3	3	4	5	4	3	3	4	3	3	4	4	3	5	3	3	5	3	4	1	4	4	4	4	3	4	2	5	5	4	5	5
106	46	1	0	9	6	2	2	5	4	2	2	1	5	4	2	4	1	5	2	1	3	5	4	1	5	5	4	1	5	1	4	4	5	3	3	4	3	2	5	4	3	5	2	4	1	5	4	4	5	4	3	4	1	1	4	3	3
107	33	2	0	8	5	3	1	3	4	3	2	4	2	4	2	2	2	4	4	4	4	2	2	2	5	3	4	2	5	1	4	1	4	3	3	3	4	4	4	5	2	2	1	4	1	3	3	3	3	3	3	2	5	5	4	1	4
108	60	2	0	3	1	2	2	4	5	3	4	4	4	3	1	3	1	4	4	1	1	4	2	1	5	3	5	4	4	3	3	5	1	2	3	4	3	4	5	4	2	2	3	4	1	3	2	2	4	3	4	1	3	3	1	3	1
109	44	2	1	12	6	4	2	5	4	1	2	1	4	4	2	2	2	4	2	2	2	4	2	2	5	2	4	2	5	2	4	2	4	4	3	4	3	4	4	4	2	3	4	5	1	3	3	3	2	4	3	1	6	4	5	3	4
110	32	1	1	10	6	2	3	4	3	3	1	3	3	3	3	2	3	4	4	3	1	4	1	4	5	3	4	4	5	3	4	3	3	3	3	4	5	3	5	5	3	4	3	5	1	4	4	3	4	4	4	5	7	6	6	4	4
111	40	1	0	9	6	4	2	3	4	2	4	4	5	4	4	1	2	5	5	1	2	3	2	2	5	3	5	4	5	5	3	2	5	4	3	5	4	4	4	4	2	3	4	4	1	5	5	5	5	5	4	6	6	7	6	5	5
112	27	1	1	10	4	5	1	1	5	3	5	5	5	1	1	3	1	5	1	3	3	3	1	3	5	5	5	1	1	3	3	5	3	3	3	5	5	1	5	5	3	1	3	5	1	3	3	3	3	3	3	4	4	4	4	4	4
113	41	1	0	9	5	4	2	3	3	3	4	4	4	2	3	4	3	4	4	3	2	3	2	3	5	4	4	3	3	4	3	2	4	4	3	4	4	4	4	4	3	3	3	3	1	4	3	3	3	3	3	3	5	5	4	5	5
114	65	1	0	9	6	3	3	4	5	4	3	4	4	4	2	2	1	5	4	2	3	4	2	2	5	4	2	4	2	2	4	4	3	4	3	5	4	4	5	5	2	3	3	4	1	4	3	2	3	4	3	1	4	5	3	5	5
115	33	2	1	12	6	4	2	4	4	5	1	1	4	5	5	1	1	5	4	1	1	3	1	4	5	4	3	3	5	1	1	2	5	3	3	3	4	4	5	5	3	5	1	4	1	5	5	4	5	4	5	6	7	7	6	5	4
116	21	1	1	11	5	3	4	4	2	4	2	4	3	4	4	1	3	5	4	3	2	2	4	4	5	5	5	2	3	2	5	3	4	4	3	3	3	2	5	5	3	5	2	2	1	3	4	4	4	4	4	3	5	5	5	4	3
117	31	2	1	8	3	4	2	2	4	3	1	3	4	3	2	4	2	4	4	1	1	4	2	2	5	2	4	4	4	3	3	4	4	3	3	3	4	4	5	4	2	2	3	5	1	3	4	3	3	2	3	2	3	5	5	5	3
118	29	2	0	9	6	1	2	2	4	4	1	1	4	4	2	2	2	5	4	3	3	4	1	1	5	4	4	2	4	4	4	4	4	4	3	4	4	3	5	4	4	4	2	4	1	2	2	2	4	2	2	1	6	6	2	5	3
119	37	2	0	9	5	4	2	4	4	4	2	1	4	2	2	3	2	2	4	2	2	4	2	3	5	4	2	4	4	2	3	2	4	4	3	4	4	3	5	4	4	4	4	4	1	3	4	3	4	4	3	3	4	3	3	3	4
120	35	1	0	8	4	1	3	5	1	5	1	1	5	5	5	1	1	5	5	1	1	5	5	1	5	5	5	1	5	5	3	5	5	1	3	5	1	5	5	5	4	1	5	1	1	1	1	1	5	1	1	1	1	1	1	1	1
121	39	1	0	8	4	4	3	3	4	2	4	3	3	4	3	2	2	5	3	1	2	4	2	3	5	3	5	3	5	4	3	2	3	4	3	4	3	3	5	4	3	4	3	4	1	4	3	2	4	4	3	4	3	3	4	6	5
122	39	2	1	8	5	4	3	4	3	3	4	4	3	4	2	5	3	4	4	4	3	4	4	4	5	4	3	4	4	4	3	4	4	3	3	3	4	4	5	4	4	4	5	5	1	5	3	4	4	4	4	4	4	4	4	4	4
123	55	2	1	10	6	1	5	5	1	5	1	1	1	1	5	1	5	5	2	1	1	5	1	1	5	1	5	1	5	5	1	5	3	1	3	5	3	5	5	5	3	1	1	5	1	4	3	3	5	2	3	1	1	7	1	7	1
124	65	1	0	9	6	4	2	2	2	3	1	2	5	3	4	1	3	4	3	1	1	4	2	4	5	4	4	2	5	3	3	5	5	4	3	2	3	4	4	5	4	4	2	5	1	5	5	5	5	5	5	4	1	7	7	3	5
125	44	2	0	9	5	4	2	4	3	4	3	1	5	5	2	1	2	4	5	3	3	4	1	2	5	5	4	3	5	4	3	4	3	3	3	5	5	4	4	5	4	4	4	5	1	5	3	4	5	3	4	1	4	3	6	1	5
126	65	2	0	8	6	1	5	5	5	5	1	1	5	5	5	1	1	5	5	1	1	5	1	5	5	5	1	5	1	1	5	1	5	5	3	1	1	5	5	5	5	1	1	5	1	5	5	5	5	5	5	1	7	7	7	7	1
127	39	2	0	10	5	1	2	5	3	5	3	3	3	4	4	3	2	3	5	3	2	4	2	3	5	2	3	4	3	4	2	4	4	1	3	4	4	3	4	4	4	3	3	3	1	4	4	4	4	4	3	3	4	3	3	4	3
128	48	1	1	15	6	4	4	4	4	4	4	1	2	5	2	2	2	5	5	4	3	3	1	3	5	4	3	4	4	4	3	4	4	4	3	4	5	4	5	5	2	3	2	5	1	4	4	4	5	4	3	4	4	4	4	4	3
129	34	1	0	10	7	4	4	2	3	4	3	5	3	3	2	3	2	5	4	4	3	3	2	4	5	5	2	3	2	3	4	3	4	4	3	4	3	3	4	5	4	3	3	4	1	4	3	3	4	3	2	5	6	4	6	5	7
130	32	1	1	1	5	4	3	1	4	4	3	4	4	3	3	2	2	4	1	1	1	3	4	1	5	3	4	2	5	4	4	3	4	4	3	2	4	2	3	3	3	3	2	3	1	3	3	3	3	3	3	1	2	3	2	2	1
131	68	2	1	7	7	1	4	5	3	3	3	3	3	5	3	2	3	2	2	3	1	3	3	3	1	1	4	3	5	3	4	2	5	3	3	4	4	4	3	5	3	4	3	5	1	5	5	5	5	5	5	4	2	2	2	4	4
132	26	2	1	8	7	1	5	5	5	5	1	2	1	5	5	4	1	5	5	4	4	1	1	2	5	5	4	4	5	2	4	3	5	5	3	4	3	5	5	4	4	2	2	5	1	5	4	5	5	5	4	3	4	2	4	1	3
133	39	1	1	8	7	1	5	5	1	5	5	1	1	5	4	4	4	4	4	3	4	5	4	5	5	5	4	4	4	1	4	2	3	4	3	4	5	5	4	4	1	5	4	4	1	4	4	3	4	4	4	3	6	7	7	7	1
134	25	1	0	12	7	4	2	4	4	4	4	4	5	4	2	5	1	5	4	2	4	4	4	4	5	4	5	4	5	5	4	5	4	5	3	5	5	2	5	5	2	4	4	5	1	5	4	4	5	5	4	5	7	7	7	6	4
135	62	2	1	5	5	4	2	4	5	4	5	5	4	4	2	4	1	5	4	2	2	4	2	3	5	5	4	4	2	2	3	4	3	2	3	5	3	2	5	5	4	3	2	5	5	1	1	2	4	2	1	1	4	6	2	5	2
136	31	1	0	10	6	4	2	4	4	4	4	4	4	4	2	2	2	4	5	2	2	2	2	3	5	4	4	3	4	2	4	4	5	3	3	3	4	4	5	4	4	3	2	4	1	4	4	4	4	4	4	2	4	6	5	3	2
137	28	2	1	10	6	4	4	2	1	5	2	1	5	4	5	2	4	5	4	5	4	2	1	4	5	5	4	2	4	1	5	1	4	5	3	2	4	4	4	4	4	2	1	5	1	5	4	4	5	4	5	6	7	7	7	5	4
138	34	2	0	15	5	4	2	4	4	1	4	2	4	2	2	4	1	4	4	2	2	4	2	3	5	4	4	4	3	3	2	5	4	4	3	4	4	4	3	4	4	4	2	4	1	4	4	4	4	4	4	3	4	5	2	2	4
139	47	2	1	10	4	2	4	4	4	4	2	1	4	5	4	4	1	5	5	1	1	4	1	3	5	4	5	2	3	3	3	2	3	4	3	4	3	5	5	4	2	4	3	5	1	4	2	2	4	3	3	1	3	4	5	1	4
140	38	1	0	10	6	4	4	4	5	4	2	2	5	4	4	4	4	4	5	1	1	5	2	1	5	2	5	2	5	4	3	4	4	3	3	5	2	4	5	4	4	4	5	5	1	4	2	4	4	2	4	2	7	7	4	6	4
141	36	2	1	9	6	2	2	4	3	4	4	3	4	4	4	3	4	4	4	4	3	3	2	4	5	4	3	4	4	3	3	3	4	4	3	4	4	3	4	5	4	2	2	4	1	4	4	4	4	4	4	4	6	6	6	4	3
142	33	1	1	8	6	5	1	2	5	1	1	4	5	1	1	2	4	5	5	5	3	4	5	5	5	5	4	5	5	2	4	5	4	5	3	4	4	5	4	5	2	2	1	5	1	4	5	4	4	5	5	5	6	5	5	6	5
143	40	1	0	8	5	3	3	3	3	3	4	4	3	3	4	2	2	4	3	2	3	2	4	2	5	5	5	4	4	3	3	2	4	4	3	3	4	4	4	5	3	3	3	4	1	4	4	4	4	4	3	2	5	5	3	5	3
144	27	2	1	8	6	1	5	5	5	1	3	5	5	1	5	1	2	5	2	5	5	5	1	5	5	5	5	2	4	1	1	1	5	2	3	5	5	1	5	5	1	1	4	5	1	2	2	2	5	1	3	2	6	6	3	5	2
145	33	2	0	11	6	3	3	4	4	1	4	1	3	5	3	1	5	4	5	1	1	3	2	1	5	4	5	1	5	3	4	2	3	4	3	3	4	5	5	5	1	4	1	5	1	4	4	4	4	4	4	4	5	5	5	4	4
146	65	1	1	8	4	5	1	5	5	1	5	5	5	3	1	1	5	5	3	1	1	5	1	1	5	5	3	3	5	1	3	3	1	1	3	5	5	4	5	5	5	1	5	5	1	5	5	5	5	5	5	1	4	7	1	4	1
147	51	2	0	12	7	2	2	4	4	2	1	1	5	4	2	2	2	5	4	2	2	4	2	2	5	5	2	4	4	2	4	2	4	2	3	4	4	4	5	5	2	2	1	4	1	4	4	4	4	4	4	1	7	4	6	5	6
148	46	1	1	9	4	4	5	4	3	3	4	2	5	3	3	4	2	5	3	3	2	4	1	1	5	4	5	3	5	2	3	1	4	4	3	4	3	4	5	4	3	3	3	5	1	3	2	2	4	2	4	1	3	3	4	5	4
149	55	2	1	3	2	4	4	4	4	2	4	2	5	4	2	2	1	5	5	3	3	4	4	1	5	2	5	2	4	2	3	5	5	3	3	5	4	2	5	4	5	4	4	2	1	4	4	3	5	4	3	1	1	3	1	3	1
150	30	1	0	2	6	4	2	3	4	2	1	4	4	2	2	3	3	4	3	3	4	4	4	3	5	3	3	4	4	3	4	4	3	4	3	3	4	4	4	2	4	2	4	4	1	4	3	3	4	3	4	4	4	3	4	5	4
151	34	2	1	9	6	1	5	5	1	5	1	1	3	5	4	4	1	5	5	5	4	5	1	5	5	5	5	2	5	3	4	4	5	5	3	5	5	5	5	5	1	1	1	5	1	5	4	4	5	4	4	3	4	4	4	3	3
152	31	1	1	5	4	4	1	4	3	3	4	2	2	2	5	5	4	4	1	3	1	4	2	2	5	2	3	3	5	2	4	4	3	3	3	4	3	1	3	3	3	2	2	2	1	4	3	4	5	4	3	1	3	4	1	4	1
153	27	1	0	9	5	5	2	2	4	3	4	2	4	2	3	1	5	5	5	1	1	4	3	2	5	2	5	3	4	2	3	2	4	4	3	5	4	2	1	4	4	5	4	1	1	2	2	2	4	2	3	3	5	6	2	6	3
154	55	2	1	10	7	2	4	5	4	5	4	3	4	4	5	2	4	4	4	3	4	2	1	3	5	3	4	3	4	4	4	2	4	4	3	5	4	4	4	5	1	4	2	4	1	5	5	5	5	5	5	2	1	7	5	5	7
155	32	1	0	8	4	5	5	2	5	3	3	1	5	5	3	1	3	5	5	1	1	5	1	1	5	3	3	5	1	3	3	3	5	5	3	5	3	3	5	5	3	5	5	3	1	1	1	1	1	1	1	4	4	4	4	4	4
156	39	2	1	9	7	5	2	2	5	1	5	2	5	3	2	3	1	5	4	2	3	4	1	2	5	3	3	2	3	2	5	5	5	4	3	3	4	3	4	3	4	2	1	4	1	3	2	2	4	3	2	4	6	4	2	5	3
157	42	1	1	9	6	1	5	5	3	2	1	1	4	5	5	2	2	4	5	2	2	4	3	2	5	3	5	2	1	3	3	5	4	4	3	3	4	5	5	4	2	1	3	5	1	3	2	2	5	5	2	1	7	7	7	4	4
158	42	2	0	5	6	3	3	5	2	3	4	2	3	2	2	4	5	4	5	2	1	3	2	1	5	4	4	3	4	3	4	4	4	4	3	4	4	4	4	4	3	4	1	4	1	2	3	2	4	3	4	3	2	2	3	2	3
159	45	2	0	10	5	2	2	4	4	4	2	4	4	4	3	2	3	4	4	2	1	4	2	3	5	2	4	1	4	4	2	2	4	2	3	4	4	4	4	4	4	2	2	2	1	4	3	4	4	3	4	2	4	5	5	2	2
160	28	2	1	8	4	4	3	3	3	3	3	4	4	4	4	2	3	2	2	3	2	3	3	3	5	4	5	4	4	4	3	4	4	4	3	3	3	3	3	3	3	3	3	3	1	3	3	3	3	3	3	4	4	4	4	4	4
161	56	1	1	8	4	5	2	2	4	2	5	4	5	2	2	4	2	5	2	3	1	4	3	1	5	4	4	4	5	3	3	3	4	2	3	4	4	2	3	5	5	2	3	2	1	1	1	1	3	2	1	4	4	4	4	4	4
162	27	2	0	9	7	5	5	5	5	5	1	5	5	5	5	1	1	5	5	5	2	5	1	5	5	5	1	5	3	5	5	1	5	5	3	5	5	5	5	5	1	5	1	5	1	5	5	5	5	5	5	7	7	7	6	7	7
163	30	2	0	9	6	4	3	2	2	2	4	2	1	2	2	2	2	4	3	3	3	2	1	3	5	3	4	3	3	2	3	4	4	3	3	3	4	3	5	4	2	4	4	2	1	4	3	3	5	3	4	4	5	6	4	4	3
164	45	1	1	9	6	3	4	2	2	2	4	4	5	4	3	2	4	4	4	1	2	4	3	5	5	4	4	3	5	4	3	4	4	4	3	3	3	4	4	4	2	1	4	3	1	4	4	4	4	4	4	4	5	7	2	3	1
165	31	2	1	10	5	3	3	3	4	3	3	3	4	3	3	3	2	5	2	3	4	3	2	4	5	3	4	2	5	3	3	4	3	4	3	3	3	4	4	4	3	4	3	3	1	4	4	3	5	3	4	4	4	4	4	4	4
166	27	1	0	10	2	3	3	5	1	4	3	1	3	5	4	3	3	3	3	3	3	3	3	1	5	3	4	3	3	4	3	5	3	3	3	1	3	4	3	3	2	4	2	4	1	3	3	3	3	3	3	1	5	4	2	5	1
167	24	1	1	9	6	4	2	5	4	1	2	1	4	4	3	4	2	5	2	4	3	4	4	1	5	2	5	1	5	4	2	3	4	5	3	5	3	4	5	4	2	5	2	3	1	5	5	5	5	4	5	3	2	5	2	5	1
168	35	1	0	8	5	3	4	4	3	3	3	1	3	5	4	2	3	4	4	3	1	3	1	3	5	3	3	4	3	2	4	2	4	3	3	4	4	4	4	4	3	2	2	4	1	4	3	4	4	4	2	4	6	5	6	5	4
169	36	2	1	8	4	4	4	2	4	4	2	4	1	3	4	3	2	4	4	2	2	5	2	2	5	2	4	4	4	4	2	4	2	2	3	2	4	4	1	4	2	2	2	4	1	2	2	2	2	3	2	2	4	6	6	5	1
170	41	1	1	9	6	4	2	5	4	4	1	1	4	5	4	3	2	4	4	4	2	4	2	1	5	4	4	4	3	2	3	2	4	2	3	4	4	3	4	4	5	4	5	4	1	4	5	4	5	4	4	2	6	2	6	6	7
171	37	1	0	5	7	5	2	3	5	1	1	5	5	5	1	3	1	5	5	4	4	2	1	1	5	5	5	2	5	3	5	3	3	5	3	2	4	5	5	4	2	5	1	5	1	5	5	5	5	5	5	1	7	7	7	1	1
172	36	1	1	8	6	4	1	4	5	2	5	1	5	5	2	3	2	5	4	1	1	3	2	2	5	4	5	3	5	3	3	3	3	3	3	3	3	3	5	4	2	4	3	4	1	4	3	3	3	3	4	5	4	6	4	4	3
173	51	2	0	9	6	2	3	5	5	1	5	1	3	5	1	3	1	5	3	1	1	4	1	4	5	3	4	5	5	3	2	3	2	3	3	4	5	4	5	5	1	3	2	3	1	4	3	4	4	4	4	1	2	1	1	4	1
174	54	2	1	10	7	2	2	5	1	4	1	3	4	5	3	3	4	5	4	2	1	5	2	2	5	3	5	2	5	2	4	3	5	2	3	5	5	3	5	5	4	4	4	4	1	4	4	3	5	4	4	2	3	5	5	6	5
175	32	1	1	6	5	4	2	4	3	4	3	3	2	2	3	3	2	4	2	3	4	2	4	3	5	4	4	5	2	2	4	4	2	3	3	4	3	4	4	2	2	2	3	3	1	4	3	3	2	2	2	4	6	4	3	6	2
176	38	2	0	8	6	4	3	4	5	2	1	1	5	5	1	4	1	4	4	3	1	4	1	1	5	1	5	2	2	3	1	4	3	2	3	2	2	5	4	4	3	4	2	5	1	1	1	1	1	2	1	1	1	7	1	7	4
177	43	2	0	10	6	2	3	4	4	4	4	1	4	5	3	2	2	4	5	1	1	3	1	4	5	4	4	4	2	3	3	4	3	2	3	4	3	4	4	5	3	3	3	4	1	4	3	3	4	3	5	2	6	1	7	6	7
178	32	2	1	9	5	1	1	5	5	5	5	5	5	5	2	1	3	5	1	5	3	3	1	3	5	3	3	3	1	5	3	5	3	3	3	5	4	3	5	5	1	3	5	3	1	5	5	5	5	5	4	4	4	4	4	4	4
179	32	1	1	10	7	4	4	2	4	3	2	2	4	4	5	2	4	4	2	2	2	4	2	2	5	4	4	2	4	4	2	4	4	3	3	4	4	2	5	4	4	4	2	4	1	4	4	3	4	4	2	2	5	6	6	5	6
180	43	1	1	9	6	1	4	5	2	3	3	1	1	5	3	2	3	4	5	4	4	2	1	3	5	4	4	3	5	2	4	2	3	3	3	4	3	5	5	4	2	4	2	5	1	4	4	4	5	4	4	4	5	6	6	6	3
181	45	2	0	9	6	2	2	5	5	4	2	2	4	5	1	4	2	5	4	2	1	4	1	3	5	4	5	2	4	1	3	2	4	4	3	2	4	5	5	5	3	2	1	4	1	5	4	4	5	4	4	3	5	5	5	5	4
182	31	1	1	8	4	4	3	3	2	2	3	4	3	4	4	3	4	3	4	2	1	3	3	2	5	3	4	3	5	3	4	4	3	3	3	3	3	4	4	3	4	3	3	5	1	3	3	3	3	3	3	3	6	4	3	4	4
183	37	2	0	9	6	2	4	4	5	5	4	1	3	5	4	2	5	4	5	2	1	2	2	2	5	3	4	2	4	4	4	5	5	2	3	4	4	5	5	5	4	4	2	5	1	4	4	2	4	2	4	2	5	6	4	4	3
184	24	2	0	8	4	3	3	3	3	3	3	3	3	3	3	3	3	3	3	3	3	3	3	3	5	3	3	1	5	3	3	1	3	3	3	3	3	3	3	3	3	3	3	3	1	3	3	3	3	3	3	3	4	7	4	4	4
185	31	1	0	8	5	2	2	4	2	4	2	2	4	5	4	2	4	4	1	2	2	5	3	3	5	4	5	4	5	2	2	4	4	2	3	4	4	1	5	3	4	4	4	4	1	3	2	4	4	2	2	5	3	6	6	5	6
186	40	1	1	10	5	2	2	5	3	4	3	4	4	5	4	2	1	5	1	1	1	4	3	1	5	4	4	3	5	3	1	3	3	1	3	1	3	1	5	3	4	2	1	2	1	4	4	3	4	3	4	4	4	4	4	4	4
187	29	1	0	5	2	3	2	3	2	2	2	3	4	2	3	2	2	2	4	4	4	3	2	2	5	4	2	4	3	2	4	2	4	3	3	3	4	3	4	2	3	2	4	3	1	4	4	4	4	4	4	2	3	2	1	3	1
188	35	2	1	8	5	4	4	4	4	2	4	2	4	4	2	4	2	4	5	3	4	4	1	1	5	4	4	4	5	2	2	5	4	2	3	5	2	4	4	4	5	4	2	5	1	3	2	2	4	2	2	6	6	6	5	6	5
189	36	2	0	8	6	4	4	4	4	1	2	4	4	5	2	4	2	5	4	3	2	4	1	2	5	2	5	3	4	3	2	2	2	3	3	3	4	4	5	4	2	4	3	5	1	3	4	2	5	2	2	5	6	6	6	6	6
190	45	1	1	9	5	3	3	4	3	4	2	2	4	4	3	4	3	3	3	3	4	2	3	3	5	3	4	4	4	3	3	3	3	3	3	4	3	4	4	4	3	3	3	4	1	4	4	4	4	4	4	3	5	5	5	3	3
191	33	1	0	9	6	1	2	5	1	2	1	1	1	5	5	1	5	5	2	1	1	2	2	1	5	4	5	2	5	4	1	5	5	4	3	5	5	1	4	5	1	5	5	5	1	5	5	5	5	5	5	6	7	7	6	6	5
192	59	2	0	9	7	2	2	5	4	4	1	5	3	5	2	4	1	5	5	3	3	4	1	3	5	5	5	1	5	1	5	1	4	4	3	2	2	5	5	5	2	4	1	5	1	4	4	4	4	4	4	1	1	1	1	1	1
193	29	1	0	9	5	4	3	2	4	3	3	2	2	3	4	4	3	2	4	4	3	3	3	3	5	3	4	3	4	3	3	2	3	4	3	3	2	3	3	3	4	4	4	3	1	2	4	4	3	3	3	5	5	6	5	5	5
194	35	2	0	10	5	3	2	4	1	3	2	4	5	5	3	3	3	4	4	2	3	4	3	2	5	4	2	4	4	2	3	3	3	2	3	4	3	2	4	4	4	2	3	3	1	4	3	3	3	4	2	4	5	6	5	5	4
195	25	1	1	8	4	1	5	5	1	5	1	1	1	5	5	3	3	5	5	3	3	5	3	3	5	5	3	3	5	3	5	5	3	3	3	5	5	5	5	5	1	1	1	5	1	5	5	5	5	5	3	1	4	4	1	4	1
196	37	2	1	10	6	1	4	4	2	5	1	1	3	5	5	2	1	5	4	2	3	2	2	2	5	4	4	2	5	2	4	2	3	5	3	2	5	4	4	5	2	2	3	5	1	4	5	5	5	5	5	3	7	7	6	3	2
197	32	2	0	10	6	4	2	4	5	2	4	2	4	5	2	3	2	4	4	2	2	3	2	3	5	3	4	2	4	2	3	3	3	4	3	4	3	4	4	3	2	5	3	4	1	3	3	3	4	3	3	4	4	6	3	4	3
198	51	1	1	12	7	2	4	5	2	4	1	2	4	5	4	4	2	4	4	4	2	4	2	4	5	4	5	4	4	4	4	4	4	4	3	5	5	5	5	4	4	5	2	5	1	5	5	5	5	5	5	6	7	6	6	6	6
199	46	1	1	9	6	2	2	4	1	4	3	1	4	5	5	2	4	5	3	2	5	2	1	5	5	5	2	5	5	2	3	1	3	5	3	5	4	2	5	4	4	3	2	5	1	3	3	2	2	4	3	1	4	6	7	6	5
200	44	1	0	9	5	2	2	3	2	3	2	1	2	2	2	2	2	4	4	2	2	4	3	3	5	2	3	4	4	3	3	3	3	3	3	4	4	4	4	4	4	3	3	4	1	3	3	3	2	3	3	3	5	5	3	5	3
201	32	1	1	8	6	3	3	3	3	3	3	1	3	3	3	4	3	4	1	3	3	3	3	2	5	3	5	1	5	3	3	3	2	3	3	3	3	3	3	3	3	3	3	4	1	3	3	3	3	3	3	4	4	4	4	4	4
202	33	1	0	9	3	4	2	4	3	1	2	1	4	3	4	2	2	4	1	1	1	2	1	4	5	2	4	2	4	3	3	4	2	4	3	4	4	5	4	4	4	3	2	2	1	4	3	2	4	3	2	3	4	5	5	4	3
203	54	2	1	9	6	2	2	5	3	2	2	1	4	5	2	2	2	4	4	3	2	4	2	3	5	4	4	3	3	3	2	2	4	3	3	4	4	5	5	4	2	4	3	5	1	3	2	2	4	2	2	5	6	6	5	6	5
204	28	2	1	12	6	4	2	4	5	2	1	2	5	4	2	5	2	4	4	4	2	4	2	2	5	4	5	2	4	4	2	2	4	2	3	4	2	4	5	4	2	4	2	5	1	2	2	2	2	2	2	6	7	6	6	7	7
205	35	1	0	10	5	1	5	5	1	5	1	1	1	5	5	4	1	4	2	1	1	4	1	2	5	4	4	2	1	2	4	2	4	4	3	5	5	4	4	5	2	4	1	5	1	1	1	1	1	1	1	3	6	5	5	5	5
206	31	2	1	10	7	1	5	5	1	4	4	1	4	5	5	4	4	4	2	4	4	4	2	1	5	4	5	2	4	2	1	5	5	3	3	5	4	3	4	5	1	3	2	5	1	5	5	5	5	5	5	1	7	7	7	1	1
207	32	2	0	4	7	1	5	5	1	5	1	1	1	5	5	5	5	5	5	5	5	5	5	5	5	5	5	5	5	5	5	5	5	5	3	5	5	5	5	5	1	5	5	5	1	5	5	5	5	5	5	1	1	1	1	1	1
208	38	1	0	1	1	4	4	4	4	4	4	1	4	5	4	4	3	4	4	3	3	4	3	4	5	4	4	4	4	4	4	4	4	4	3	4	1	4	5	4	4	4	4	4	1	1	1	1	1	1	1	4	4	5	4	4	5
209	45	2	0	1	3	4	2	2	5	4	2	5	1	4	3	3	1	5	1	1	2	3	5	4	5	4	5	3	5	1	3	4	4	4	3	4	3	1	5	4	4	3	5	5	1	4	3	4	5	3	5	6	2	5	6	1	1
210	28	2	0	10	7	1	3	5	4	3	1	1	4	5	3	2	1	5	4	2	2	4	1	3	5	4	4	2	5	2	3	3	4	4	3	5	4	4	5	5	3	4	2	3	1	5	5	5	5	4	5	5	7	7	7	2	3
211	38	2	1	10	6	4	2	4	4	4	2	1	5	4	1	4	5	4	1	4	2	4	1	1	5	4	4	2	5	2	2	4	4	4	3	5	4	1	5	4	4	4	5	5	1	4	4	4	5	4	5	1	5	6	5	4	1
212	35	1	0	9	6	2	2	3	4	3	3	2	4	2	4	2	4	4	4	4	2	3	3	3	5	4	3	3	2	3	4	3	3	4	3	3	3	4	4	4	2	3	1	3	1	4	4	4	3	4	3	5	4	4	5	5	4
213	43	2	1	5	4	4	4	4	4	3	4	4	4	4	2	3	3	4	4	4	4	4	3	4	5	3	2	3	3	3	2	4	2	4	3	3	4	3	4	4	4	4	2	3	1	3	3	3	4	4	4	4	3	3	5	4	4
214	55	1	1	9	5	1	2	5	2	4	4	2	4	4	4	2	2	4	5	1	1	4	1	2	1	4	4	4	4	2	3	2	4	4	3	4	4	5	4	4	4	1	3	5	1	4	4	4	5	4	4	1	5	2	2	1	2
215	31	2	0	10	7	2	2	4	5	2	4	2	5	4	2	4	2	5	1	2	2	4	1	4	5	4	4	5	5	4	4	5	4	2	3	5	5	4	5	5	2	5	5	5	1	5	4	4	5	4	4	5	6	6	5	4	3
216	61	2	0	8	6	2	2	4	2	4	4	2	5	5	5	4	2	5	4	2	1	5	2	4	5	4	4	4	4	3	2	2	3	2	3	4	4	4	5	5	4	4	3	2	1	4	2	2	3	2	2	2	6	6	3	6	3
217	37	2	1	9	6	4	3	4	4	2	4	1	4	5	4	2	2	5	3	3	4	4	2	1	5	4	4	3	5	4	4	2	4	2	3	4	3	4	5	5	3	2	3	3	1	4	3	3	4	3	3	4	4	5	5	5	4
218	50	2	1	10	6	4	5	5	5	1	1	1	5	5	1	4	1	5	4	1	1	4	1	5	5	5	2	5	5	1	1	5	1	4	3	5	5	2	5	5	1	5	4	5	1	4	4	4	4	4	4	2	6	6	2	5	4
219	65	2	1	10	6	3	4	5	3	2	2	1	5	5	3	1	3	3	5	1	1	4	1	1	5	3	3	1	5	2	3	2	5	4	3	3	3	5	4	4	4	3	3	5	1	2	2	3	2	4	2	1	6	1	6	1	1
220	37	1	0	9	5	2	2	5	4	4	2	4	4	5	4	5	2	5	4	4	4	4	4	2	5	4	5	2	1	4	5	5	5	4	3	4	5	4	5	4	4	5	1	2	1	5	5	4	4	4	4	3	5	4	6	6	4
221	37	1	1	9	5	4	2	2	2	4	4	4	4	2	5	2	4	4	4	2	3	2	2	3	5	4	2	4	4	4	4	4	4	4	3	4	4	4	4	4	4	2	2	4	1	4	4	3	4	4	2	2	5	6	5	6	6
222	36	1	1	8	5	2	3	4	5	3	5	1	5	5	1	3	3	3	4	3	3	4	3	2	5	3	5	2	2	5	3	3	3	3	3	2	3	4	5	5	3	4	3	5	1	5	4	4	4	4	5	1	4	4	3	4	3
223	42	1	1	5	2	5	2	4	5	2	1	1	5	4	1	1	1	5	4	1	1	5	2	2	5	2	5	2	1	4	1	5	3	1	3	5	1	2	2	4	5	4	5	1	1	1	1	1	4	2	1	2	1	1	1	4	1
224	33	1	0	6	5	3	3	5	4	4	4	1	5	5	4	4	1	3	4	4	4	3	3	4	5	5	4	4	4	3	3	4	5	4	3	3	3	4	3	5	3	4	4	4	1	4	4	3	4	4	4	4	5	4	4	6	5
225	31	1	1	8	6	5	4	5	4	4	5	4	5	4	5	4	5	4	3	3	4	4	3	3	5	5	4	4	4	5	4	4	5	4	3	4	4	3	3	3	3	4	4	3	1	3	4	4	4	4	3	1	3	4	5	4	3
226	51	2	0	8	4	2	4	4	4	4	1	4	4	4	4	1	2	5	2	1	3	1	2	1	5	3	5	2	2	3	3	2	4	4	3	4	4	4	5	5	3	5	1	5	1	2	2	3	4	4	2	2	4	5	3	5	2
227	38	1	1	11	5	3	3	2	3	3	3	3	4	3	3	2	3	3	4	3	2	2	1	3	5	2	4	3	1	4	3	4	3	4	3	3	4	3	3	4	3	4	2	4	1	4	5	5	4	4	5	4	4	6	6	4	6
228	46	2	0	8	6	4	4	4	2	4	4	4	4	3	4	1	4	4	4	1	3	4	3	2	5	4	5	1	3	5	2	5	5	5	3	1	5	5	4	4	5	1	4	1	1	5	5	5	5	4	5	1	1	1	1	1	1
229	36	2	1	2	4	4	2	3	3	3	4	3	3	3	2	3	4	4	3	3	3	3	3	2	5	3	4	3	3	3	2	3	3	3	3	2	3	3	3	3	4	3	4	3	1	3	4	3	3	4	4	4	5	5	2	4	3
230	24	2	0	9	6	4	1	4	4	2	1	4	4	2	2	5	2	5	4	3	2	2	1	2	5	4	4	2	3	2	2	3	4	5	3	4	5	4	4	5	2	1	1	5	1	4	4	4	5	5	3	2	6	7	6	6	6
231	36	2	0	7	5	4	4	4	4	4	4	3	4	4	4	3	3	4	4	3	2	4	2	3	5	3	3	3	3	4	3	4	4	4	3	3	4	3	3	4	2	4	4	4	1	4	4	4	4	4	3	3	3	4	3	5	2
232	32	2	1	8	7	1	5	5	2	5	1	4	5	5	5	2	3	5	5	4	3	3	1	3	5	5	5	3	4	3	5	3	4	4	3	5	5	5	5	5	4	3	3	5	1	4	4	3	4	3	3	3	4	4	2	5	4
233	34	2	1	12	6	4	2	4	4	2	4	4	5	4	1	4	1	5	1	1	1	5	2	3	5	4	5	2	5	4	3	5	4	2	3	2	3	2	4	4	2	5	4	4	1	3	2	3	5	2	4	4	6	6	7	4	6
234	32	1	0	12	6	2	4	2	4	2	2	1	5	5	2	1	4	4	4	1	2	4	3	1	5	4	5	1	5	2	4	4	2	4	3	5	5	4	4	4	2	5	4	5	1	4	4	4	5	3	5	2	4	6	5	4	2
235	36	1	1	12	5	4	3	2	2	1	2	4	3	2	1	3	1	3	3	3	1	4	2	2	5	2	3	2	4	2	2	2	3	1	3	4	2	4	1	3	2	4	2	2	1	4	3	4	3	1	4	5	5	3	4	5	5
236	23	1	0	9	5	2	2	5	4	2	2	4	4	4	4	3	2	4	4	2	1	5	2	2	5	4	4	2	2	4	4	2	4	2	3	4	4	4	4	4	4	4	2	4	1	2	2	2	2	4	2	2	5	6	2	5	3
237	52	1	1	9	6	3	2	4	3	4	4	4	2	2	3	4	1	3	4	1	1	4	2	2	5	2	4	2	2	5	3	4	4	4	3	4	4	4	4	3	2	2	5	1	1	4	2	4	4	2	3	5	5	6	3	6	3
238	31	2	1	11	6	1	4	4	2	4	1	1	4	5	4	2	4	5	4	1	2	4	1	2	5	4	5	2	3	4	3	2	4	4	3	4	4	5	5	2	4	2	3	5	1	4	4	4	4	4	4	4	7	7	7	3	2
239	31	1	0	10	5	2	5	3	4	2	4	2	4	5	4	4	4	4	4	3	1	2	2	2	5	4	4	1	4	2	3	2	4	4	3	4	4	4	5	5	4	4	3	3	1	4	4	4	4	4	5	3	4	5	5	3	3
240	28	2	1	10	7	4	4	3	4	4	3	4	4	5	4	4	4	4	3	4	4	4	4	5	5	4	4	4	5	4	4	3	3	3	3	4	3	4	4	5	2	4	1	4	1	4	4	4	4	3	4	6	4	6	6	2	4
241	37	1	0	10	5	3	2	2	3	2	3	4	4	3	3	2	3	3	3	3	3	2	2	4	1	3	3	4	2	4	4	4	4	3	3	4	2	4	3	3	3	3	3	4	1	3	3	3	2	2	2	4	3	5	3	5	4
242	44	2	0	8	6	1	5	5	4	4	1	1	1	5	2	1	1	5	4	3	1	5	1	4	5	2	4	4	5	4	5	1	4	2	3	4	5	5	5	5	2	4	1	5	1	2	1	2	2	1	2	7	5	7	6	7	6
243	61	1	1	7	3	2	2	4	4	2	2	2	4	4	2	4	4	4	2	3	2	4	2	2	5	4	4	2	2	2	4	4	4	4	3	4	4	4	4	4	4	2	3	4	1	2	2	2	2	4	1	2	4	4	4	4	5
244	32	2	1	10	7	4	2	4	4	2	4	4	4	4	4	4	4	4	4	2	1	4	2	2	5	4	5	4	5	4	1	4	4	1	3	5	5	4	5	5	2	4	4	5	1	4	4	4	4	4	4	1	5	2	5	1	1
245	22	1	0	10	2	4	4	5	4	4	2	2	4	4	2	4	2	4	1	2	2	4	2	3	5	4	2	2	2	4	2	4	4	4	3	4	4	1	4	4	4	2	4	3	1	4	4	4	4	2	2	3	5	5	3	5	3
246	42	1	0	8	6	1	2	5	4	4	1	1	5	5	2	1	1	5	5	1	2	2	1	4	5	4	4	4	5	1	1	1	5	5	3	5	3	3	1	5	1	5	5	4	1	5	4	4	5	5	4	1	4	4	3	1	1
247	63	2	1	3	1	5	3	1	1	3	1	3	5	5	5	1	1	5	3	1	1	5	3	1	5	1	5	1	5	5	3	1	5	3	3	5	3	2	5	5	1	5	5	5	1	1	1	3	1	5	1	1	1	1	1	1	1
248	25	1	1	5	5	4	2	2	3	2	4	1	4	4	2	2	2	5	4	2	4	4	2	2	5	2	5	2	4	4	2	4	4	4	3	4	4	4	4	4	5	2	4	4	1	4	4	4	5	4	4	3	6	6	5	2	4
249	37	2	0	10	7	2	4	3	4	2	4	4	2	4	4	5	5	5	5	5	1	5	3	1	5	5	5	1	5	1	5	5	5	5	3	5	1	1	5	5	1	5	5	1	1	1	1	1	1	1	1	1	7	7	1	7	1
250	61	2	0	8	6	2	4	4	1	4	1	1	5	5	5	1	1	5	4	1	1	5	2	4	5	2	2	4	5	4	1	1	4	4	3	5	4	2	5	4	2	4	2	5	1	5	4	4	4	4	5	2	5	6	2	4	2
251	65	1	0	8	5	2	2	5	3	4	4	1	4	5	3	1	3	5	4	1	1	4	1	4	5	2	4	3	1	4	3	5	3	1	3	4	4	2	5	4	4	3	3	4	1	4	3	3	4	4	2	2	5	4	2	6	2
252	32	2	1	8	5	4	2	3	4	5	4	4	5	4	4	4	5	4	3	4	5	4	1	3	5	4	4	3	4	3	3	2	4	4	3	4	4	4	5	3	1	4	1	5	1	3	3	4	4	3	3	3	3	4	3	2	1
253	63	1	1	10	6	4	4	4	4	4	1	1	5	4	4	1	2	4	3	1	1	2	1	1	5	4	3	3	4	4	3	1	4	4	3	2	4	2	4	5	1	3	1	4	1	5	3	3	4	3	4	4	5	5	5	3	4
254	63	2	1	8	4	4	2	3	4	2	4	4	5	3	2	3	3	5	5	2	1	4	2	2	5	3	4	3	4	4	4	3	5	2	3	5	4	4	5	4	3	4	4	4	1	3	3	3	3	3	3	1	5	5	5	3	5
255	61	1	0	8	6	3	3	4	3	3	4	4	4	3	3	5	2	4	4	1	2	4	3	2	5	3	4	1	3	2	2	4	3	4	3	4	2	3	5	4	3	2	4	4	1	2	2	2	2	2	1	1	2	4	3	5	2
256	47	1	0	8	4	4	4	4	2	2	4	4	4	2	2	2	4	4	2	4	2	4	4	2	5	2	2	4	4	4	4	2	4	2	3	2	2	3	4	2	4	2	4	4	1	2	2	2	2	2	2	2	3	4	2	4	2
257	24	1	1	10	7	4	2	4	2	2	2	4	5	2	4	4	2	5	4	3	1	2	2	2	5	4	5	2	5	2	4	1	2	4	3	4	4	4	5	5	2	4	2	4	1	5	5	5	5	5	4	3	4	5	6	3	3
258	41	1	1	8	7	4	2	4	4	2	2	2	2	5	5	2	5	5	1	4	4	4	2	5	5	2	4	2	2	2	4	4	4	4	3	4	2	2	5	4	4	4	2	5	1	1	1	1	2	2	1	1	7	7	5	7	5
259	33	1	1	1	2	5	5	1	5	3	5	1	5	5	1	1	3	4	5	5	3	3	1	3	5	3	3	3	5	3	3	5	5	3	3	4	3	3	5	3	3	1	5	1	1	1	1	1	1	1	1	1	1	1	1	1	1
260	38	2	1	12	6	4	3	4	4	2	4	4	4	3	2	5	1	4	3	2	1	4	2	3	5	4	4	3	5	2	3	2	4	4	3	3	4	4	4	3	2	2	3	5	1	4	4	4	4	4	4	4	5	6	5	3	3
261	47	2	0	9	7	4	4	5	1	5	1	1	1	5	5	2	1	5	4	1	1	2	1	1	5	4	4	4	5	2	3	2	2	5	3	2	4	2	5	5	1	5	3	5	1	4	3	3	5	3	4	5	7	7	6	6	6
262	24	2	0	10	6	4	2	4	4	2	4	2	4	2	2	4	2	4	4	5	5	4	2	4	5	5	4	2	4	2	4	2	4	5	3	4	5	4	5	4	5	4	2	4	1	4	4	5	4	4	4	5	7	6	5	7	5
263	51	1	1	8	4	5	4	4	5	5	1	4	5	5	5	1	5	5	1	3	3	2	4	2	5	4	5	2	5	3	3	4	4	4	3	5	4	2	5	4	4	2	4	5	1	4	4	4	4	4	4	1	5	1	2	6	2
264	31	1	1	11	5	1	2	4	2	2	2	1	4	5	4	1	2	4	5	3	1	4	2	2	5	2	4	2	4	3	2	4	5	4	3	3	4	4	4	5	2	4	5	5	1	4	4	4	4	3	4	5	5	7	6	7	6
265	25	2	0	12	6	4	2	4	4	2	1	4	5	5	2	3	4	3	4	3	3	2	3	3	5	4	4	3	5	3	3	3	4	5	3	3	5	4	5	5	3	3	3	4	1	5	5	5	5	5	5	4	4	4	4	4	4
266	41	2	1	10	7	2	4	4	1	2	2	5	4	2	4	2	1	5	4	3	3	4	1	3	5	5	5	2	5	2	5	1	5	5	3	3	4	3	5	5	1	4	2	2	1	4	4	4	5	4	4	1	4	6	6	4	3
267	30	1	0	10	6	5	1	4	5	3	1	4	5	5	2	2	1	4	5	3	3	2	3	2	5	4	5	2	1	2	5	4	5	4	3	5	3	4	4	5	5	2	2	3	1	4	4	4	5	4	4	2	5	5	5	3	3
268	53	1	0	9	5	4	1	4	4	5	1	1	5	5	4	1	5	4	4	1	1	5	1	5	5	1	4	1	2	2	3	4	5	4	3	2	3	2	5	4	1	1	2	5	1	2	1	1	2	1	4	1	5	6	7	3	5
269	29	1	0	8	4	4	3	4	2	3	3	2	4	4	2	2	2	4	2	1	1	5	2	2	5	2	4	4	5	3	2	4	2	2	3	3	4	1	4	2	4	2	4	2	1	3	2	2	4	2	4	3	4	5	4	5	5
270	24	2	1	10	6	1	5	5	4	4	1	4	1	5	2	4	2	4	4	2	2	4	1	2	5	2	3	4	4	2	3	3	3	2	3	4	3	4	4	3	2	2	3	4	1	4	4	4	4	2	3	5	7	7	7	6	5
271	40	1	1	10	6	3	4	5	2	4	1	4	4	5	4	1	1	4	3	3	2	2	3	2	5	4	5	4	1	3	4	4	5	3	3	5	3	4	5	4	3	4	2	4	1	5	3	4	5	4	4	4	5	5	3	5	3
272	38	1	1	9	6	3	2	4	2	5	3	2	4	4	4	4	2	5	4	4	3	2	3	2	5	4	4	2	4	5	2	4	3	4	3	4	4	2	4	3	3	5	2	4	1	5	4	4	4	4	5	2	3	3	4	3	3
273	58	1	0	9	6	2	5	5	1	5	1	1	5	5	5	1	4	5	5	2	3	2	1	3	5	3	4	1	5	2	3	2	4	3	3	5	3	5	5	5	4	2	1	4	1	4	4	4	5	5	4	1	5	5	5	4	4
274	32	2	0	10	5	1	4	5	5	5	5	1	5	5	5	5	1	5	5	4	4	4	1	2	5	4	4	2	5	1	5	5	4	4	3	4	5	4	5	5	1	2	1	5	1	4	4	1	4	2	4	1	5	2	5	5	7
275	43	2	0	10	7	1	5	5	5	5	1	1	1	5	2	1	5	4	5	1	1	4	1	1	5	4	5	1	5	3	5	4	5	2	3	5	4	4	4	4	3	4	3	5	1	5	5	5	5	5	5	5	6	6	7	3	4
276	57	1	1	1	6	4	4	5	2	2	5	1	5	5	2	4	1	5	4	1	1	4	5	4	5	5	4	4	4	2	1	4	3	4	3	5	4	3	3	4	3	2	3	5	1	4	4	3	5	3	4	5	3	5	4	3	5
277	65	2	0	13	7	3	2	5	4	4	2	1	4	5	4	2	3	4	4	2	3	4	2	2	5	3	5	2	5	3	4	2	5	4	3	4	5	3	5	5	2	2	2	5	1	5	5	5	5	4	5	1	7	7	7	7	1
278	31	1	1	10	7	4	5	4	1	5	1	1	2	5	5	2	2	4	3	3	3	1	2	4	5	4	4	4	5	4	4	1	5	5	3	5	4	5	3	4	4	4	3	4	1	5	5	5	5	5	5	3	5	5	5	4	2
279	41	1	1	8	4	4	2	3	5	2	5	4	5	2	2	3	1	4	4	2	2	5	3	2	5	3	3	4	5	3	4	3	4	4	3	5	4	3	4	5	4	3	3	3	1	3	4	3	4	4	3	3	4	4	2	4	3
280	27	2	1	9	6	4	3	4	4	3	3	4	4	4	4	4	4	5	4	2	2	4	1	4	5	3	4	2	2	2	4	2	2	4	3	3	4	4	4	4	2	5	3	5	1	4	5	3	5	4	4	1	7	7	5	3	1
281	35	2	0	10	2	2	4	4	3	4	4	1	1	5	3	2	2	4	5	2	1	2	1	2	5	4	4	3	3	2	3	3	5	4	3	3	4	4	4	4	2	3	1	4	1	4	4	4	4	4	4	5	6	6	5	4	4
282	65	2	0	10	6	2	4	5	2	5	4	1	4	4	5	2	2	5	4	2	2	4	2	4	5	4	3	4	4	2	3	4	3	3	3	4	4	4	5	4	3	2	2	3	1	5	5	5	5	4	3	2	6	7	6	4	3
283	45	2	1	4	6	4	3	4	2	4	3	2	4	4	4	2	4	4	4	2	2	4	3	4	5	2	4	4	3	4	2	4	4	3	3	2	4	3	4	4	4	2	4	4	1	4	3	4	4	4	4	2	4	5	2	4	2
284	49	2	1	8	5	1	5	5	1	1	1	1	5	5	5	4	1	5	5	1	2	4	1	1	5	4	5	3	4	4	4	5	4	2	3	4	4	4	5	5	4	4	3	5	1	4	4	4	4	4	4	2	2	2	2	2	2
285	32	2	0	10	5	4	2	3	5	1	4	4	5	2	1	4	5	4	3	1	2	4	2	2	1	4	5	2	5	4	1	5	2	4	3	2	3	2	5	4	3	4	5	2	1	2	1	2	4	2	3	2	4	5	1	5	3
286	43	2	0	9	5	4	1	4	4	1	4	1	2	4	1	2	4	3	5	3	2	4	2	3	5	4	3	4	4	1	4	2	3	4	3	4	4	3	4	4	4	2	2	5	1	4	4	4	3	4	5	2	2	6	4	3	3
287	62	2	0	12	7	2	2	4	3	3	2	1	5	5	4	3	2	4	4	3	3	4	3	3	5	3	4	3	5	3	4	5	3	3	3	5	5	5	5	5	3	5	3	4	1	4	4	4	4	4	2	1	5	6	1	1	4
288	67	2	1	8	5	4	3	2	2	1	4	4	4	2	2	4	1	5	2	3	4	1	3	3	5	5	5	2	5	2	4	5	2	5	3	1	5	2	4	5	3	5	4	1	1	4	4	4	5	4	4	5	1	7	6	6	1
289	20	2	1	8	6	3	3	2	4	1	2	2	2	2	1	5	1	5	3	3	1	5	3	1	5	3	5	2	4	2	3	5	4	4	3	3	3	3	2	1	4	3	1	2	1	2	2	2	3	2	2	3	5	5	2	5	2
290	22	1	1	8	5	3	4	3	1	3	2	3	2	4	4	3	3	4	3	4	3	4	2	2	5	4	4	3	5	2	3	4	3	3	3	5	4	3	3	4	3	4	2	2	1	3	3	2	3	3	2	3	5	5	3	4	4
291	40	2	1	9	6	5	2	3	5	2	4	4	5	2	4	5	2	5	4	1	1	3	1	2	5	3	4	3	5	3	2	2	2	5	3	3	4	4	4	5	3	2	2	5	1	4	3	4	5	3	4	2	4	6	5	5	2
292	49	2	0	8	7	4	4	5	4	4	4	1	4	5	4	1	2	5	5	1	1	3	1	1	5	3	5	1	5	3	1	2	5	4	3	3	4	4	5	4	4	4	3	4	1	4	4	4	5	4	4	4	7	6	4	7	4
293	39	1	1	10	6	2	5	1	1	1	1	1	5	5	2	1	2	5	5	3	3	4	2	4	5	1	5	3	5	2	3	2	5	3	3	4	4	3	5	5	4	4	4	5	1	5	4	4	5	4	5	4	4	5	5	5	5
294	23	2	0	10	6	2	5	4	4	2	2	1	4	5	1	5	2	4	5	2	2	5	2	2	5	2	4	3	3	2	2	1	4	4	3	4	4	4	4	4	2	3	2	4	1	3	3	3	4	4	4	5	7	7	6	3	3
295	29	2	0	10	4	2	2	3	4	1	4	4	5	4	1	4	4	4	2	3	2	2	2	1	5	3	5	2	4	2	3	4	4	4	3	2	4	2	3	5	4	5	2	2	1	4	2	3	4	4	1	3	1	4	4	7	4
296	46	1	1	8	7	1	5	4	4	5	5	4	5	5	4	3	2	5	5	1	3	2	1	3	5	5	5	3	5	2	5	2	5	5	3	5	5	5	3	5	4	5	1	5	1	5	5	5	5	5	5	4	3	6	5	7	5
297	33	2	1	7	4	3	3	2	2	3	4	4	3	3	3	3	2	4	3	4	3	2	3	3	5	4	3	5	4	1	3	2	3	4	3	5	5	5	5	5	1	3	3	5	1	4	4	3	5	3	3	1	5	4	3	2	3
298	36	2	0	9	6	5	4	4	2	2	5	2	5	5	2	2	1	4	3	2	3	4	1	4	5	4	2	2	5	2	4	4	4	4	3	4	4	4	5	4	2	2	1	5	1	4	4	4	5	4	4	2	2	4	6	4	6
299	30	2	0	11	7	2	4	5	3	3	1	1	3	5	4	2	2	5	4	3	3	2	1	2	5	4	3	2	4	3	4	2	4	3	3	3	4	4	5	5	2	2	2	5	1	5	5	4	5	5	5	2	4	5	4	2	2
300	31	1	1	8	4	4	4	3	3	4	3	3	4	3	4	4	4	3	2	3	3	3	3	4	5	3	3	2	4	4	2	2	3	3	3	4	4	4	3	4	4	4	3	4	1	2	3	3	3	3	2	2	3	6	4	6	3
301	38	2	1	9	5	1	3	3	3	4	4	2	4	5	3	2	3	3	3	1	1	4	1	3	5	2	4	3	4	2	3	2	4	1	3	2	1	3	2	4	3	3	3	3	1	3	3	2	3	3	2	5	6	1	2	5	1
302	49	2	0	10	6	2	3	5	4	4	4	2	4	5	2	2	3	5	2	1	1	4	1	3	5	2	4	3	5	3	4	2	3	3	3	4	5	4	5	5	3	4	3	5	1	5	5	5	5	5	5	2	6	6	5	3	1
303	25	2	1	10	6	4	3	4	4	2	2	2	4	5	2	4	1	5	4	1	1	5	2	2	5	2	4	2	5	4	2	4	4	3	3	5	5	4	5	5	2	4	3	5	1	3	3	2	4	3	4	4	6	6	5	7	3
304	62	2	0	9	5	1	2	2	1	5	1	1	2	5	4	4	2	5	4	1	1	4	1	5	5	4	4	4	2	1	2	2	4	2	3	4	4	5	4	5	4	4	4	5	1	3	3	2	4	3	3	1	3	4	2	6	2
305	43	2	1	9	7	5	2	5	1	5	1	1	2	5	4	4	2	4	5	4	2	1	1	4	5	3	5	4	3	1	3	2	5	2	3	4	4	4	5	4	3	1	2	3	1	4	4	3	5	4	4	1	4	4	1	4	1
306	27	2	1	15	4	3	2	3	3	4	3	3	3	3	4	3	4	3	3	3	2	3	4	4	5	3	3	3	4	4	3	3	3	2	3	3	4	3	3	2	3	4	3	3	1	3	3	4	3	3	3	4	5	4	4	4	4
307	41	2	1	9	5	4	4	4	4	5	5	3	4	5	5	4	3	5	4	3	2	4	1	3	5	3	4	3	5	4	3	5	4	4	3	3	4	3	5	4	2	4	1	3	1	2	2	1	3	3	3	4	5	6	3	6	3
308	42	1	0	9	5	4	4	4	4	4	5	5	4	2	5	2	4	4	4	2	1	3	2	3	5	2	3	2	4	4	3	4	5	4	3	3	3	4	2	4	3	4	4	4	1	4	4	4	5	4	4	2	5	5	3	4	3
309	59	2	0	11	6	2	3	3	3	3	2	3	4	3	2	3	3	4	3	2	2	3	2	4	5	3	4	3	4	3	3	3	4	3	3	3	3	3	4	4	3	3	3	4	1	4	4	4	4	4	4	3	6	6	6	6	5
310	25	2	1	9	6	4	2	5	4	2	1	1	1	5	2	1	2	4	4	2	2	4	2	4	5	4	2	3	5	2	2	4	4	4	3	5	5	5	5	5	4	4	3	4	1	5	4	4	4	4	4	2	6	5	3	2	4
311	38	1	0	9	7	5	1	5	5	1	5	1	5	5	1	1	4	5	5	2	2	2	1	1	5	5	2	4	5	2	4	2	5	5	3	5	5	5	2	5	4	4	1	5	1	5	5	5	5	5	5	4	5	6	3	4	4
312	59	2	1	10	6	3	4	4	4	2	1	1	4	5	2	1	3	4	4	2	2	4	1	5	5	3	4	3	4	4	3	2	4	3	3	4	3	4	4	5	4	2	1	4	1	4	2	2	4	3	3	1	1	1	1	1	1
313	45	1	0	10	5	3	4	4	2	4	2	2	4	5	4	2	3	4	4	3	3	4	2	4	5	1	3	2	2	3	2	4	2	3	3	3	4	4	4	4	3	3	2	4	1	4	4	4	4	4	4	3	5	5	4	5	5
314	50	2	0	12	7	4	2	4	5	1	4	2	5	4	1	2	1	4	2	3	3	4	2	1	5	2	5	2	5	3	3	4	4	4	3	1	3	4	2	4	3	4	4	2	1	4	4	4	5	4	4	4	6	3	5	3	7
315	20	2	0	10	7	4	2	5	4	2	1	1	2	5	2	4	2	3	2	2	2	4	2	1	5	4	5	2	5	4	3	5	4	4	3	4	4	2	4	4	2	4	4	5	1	3	2	2	4	3	2	2	7	7	7	6	6
316	44	2	1	13	7	4	4	4	4	4	1	5	5	5	5	4	4	5	4	3	4	5	2	1	5	4	4	1	5	2	4	4	4	2	3	3	3	1	5	5	5	5	2	1	5	4	3	4	4	4	5	6	7	7	7	4	2
317	31	2	0	6	3	3	3	3	4	3	3	3	3	3	3	4	3	2	2	3	4	4	2	3	5	3	2	1	3	3	3	3	3	3	3	3	3	4	1	2	3	3	3	3	1	4	2	3	3	3	3	4	2	4	3	3	3
318	63	2	1	9	5	3	3	5	2	5	1	1	4	5	2	4	2	5	2	3	3	2	1	4	5	5	4	4	3	3	4	3	5	4	3	4	3	4	5	5	4	4	3	4	1	4	3	3	4	3	3	1	1	3	1	2	1
319	49	2	1	10	7	2	3	4	3	3	4	1	1	5	3	2	4	4	5	1	2	4	2	3	5	3	3	3	5	3	3	1	3	3	3	4	3	4	4	4	3	3	3	5	1	4	4	4	4	4	4	2	7	6	5	4	4
320	56	2	0	8	6	2	5	5	2	2	1	1	2	5	2	2	3	4	2	2	1	4	1	2	5	3	2	4	2	3	4	3	3	4	3	3	4	2	4	5	2	2	2	2	1	3	2	2	2	3	3	3	5	3	4	2	3
321	20	2	1	10	6	3	2	1	3	2	3	2	3	3	4	3	2	2	4	3	3	3	2	3	5	3	3	3	3	4	3	3	3	2	3	3	2	2	2	3	3	3	2	2	1	2	3	2	3	2	2	5	4	4	5	5	4
322	43	2	0	8	4	4	4	5	4	2	4	1	4	5	4	4	2	4	5	2	2	5	2	3	5	4	4	2	2	3	4	4	4	4	3	3	4	5	5	4	4	4	4	4	1	1	1	1	1	1	1	1	1	2	2	1	2
323	22	2	0	9	7	5	3	3	4	3	4	3	2	5	4	4	4	4	5	4	3	5	2	5	5	5	3	3	4	5	4	5	4	4	3	3	2	3	4	4	5	5	5	4	1	3	4	3	4	5	5	4	7	7	7	6	6
324	54	1	1	2	1	2	4	4	2	4	2	2	4	4	4	2	4	5	4	1	1	2	2	3	5	4	4	3	1	4	2	2	3	4	3	4	3	4	2	4	4	1	2	3	1	5	5	5	5	5	5	1	1	1	1	1	1
325	36	1	0	8	3	4	3	5	5	2	4	5	5	4	1	2	3	4	4	2	1	2	4	1	5	4	4	4	4	5	4	5	4	4	3	4	4	4	4	4	2	4	5	5	1	4	4	4	4	3	2	1	3	3	1	2	1
326	39	1	0	10	5	5	3	4	5	3	5	5	5	3	2	1	4	5	4	1	1	1	2	4	5	2	4	2	5	3	2	3	5	3	3	5	4	5	4	5	3	4	3	5	1	4	4	3	4	3	3	2	6	6	4	6	1
327	39	2	1	9	6	4	2	2	2	2	5	5	5	2	2	2	2	5	4	2	2	4	2	4	5	4	4	4	5	4	4	4	4	4	3	4	4	2	4	4	2	2	4	3	1	4	4	4	5	4	4	5	7	7	6	6	5
328	31	2	1	8	3	2	4	3	3	2	2	4	3	2	3	3	3	1	4	3	2	3	2	2	5	3	2	3	4	3	4	4	3	4	3	3	4	2	4	4	2	2	3	3	1	4	4	3	3	4	2	3	4	3	3	4	4
329	28	2	0	9	4	2	4	2	4	2	1	1	3	4	4	1	4	5	5	2	3	2	1	1	5	2	5	2	5	3	4	1	4	5	3	4	4	4	4	5	3	4	2	5	1	4	4	4	5	4	4	2	5	5	3	6	1
330	36	2	1	9	6	4	2	4	5	4	2	1	4	2	4	3	2	5	1	2	2	5	1	2	5	4	4	4	4	1	2	2	4	3	3	2	4	1	5	4	5	2	3	2	1	4	4	4	4	2	4	4	6	6	5	6	6
331	39	2	1	9	7	2	3	3	4	2	3	4	3	4	4	3	2	4	3	2	2	4	2	1	5	4	3	4	4	3	4	4	4	4	3	3	3	3	5	4	3	4	2	3	1	4	4	4	4	4	4	6	7	7	7	7	5
332	38	2	0	8	6	3	3	4	3	2	4	3	3	3	3	3	4	5	5	3	3	3	3	1	5	3	3	2	5	3	5	2	3	4	3	5	4	4	4	4	2	3	2	3	1	4	4	4	4	4	4	2	5	5	4	3	3
333	28	1	0	9	6	2	4	5	3	4	2	1	2	5	5	4	4	4	4	2	2	4	3	4	5	2	4	3	5	3	4	4	4	2	3	4	4	3	3	4	4	4	4	3	1	4	4	4	4	4	4	2	4	4	3	2	2
334	52	1	1	8	5	5	3	4	4	3	4	3	4	5	3	4	4	3	3	5	5	1	3	5	5	5	5	2	4	3	2	3	5	2	3	5	3	4	5	4	2	5	3	3	1	1	2	1	2	1	1	2	4	4	3	4	1
335	34	2	1	12	6	2	2	5	4	4	1	1	5	5	2	4	2	4	4	4	3	5	3	2	5	4	4	3	3	2	3	2	4	2	3	2	3	4	4	4	4	4	4	5	1	3	2	2	3	2	2	3	1	7	6	3	1
336	37	2	0	9	6	4	2	3	4	3	2	1	5	3	3	2	1	5	1	1	1	3	2	2	5	5	4	4	5	3	2	4	4	4	3	3	4	2	4	5	4	4	4	3	1	4	4	4	5	4	5	1	2	5	2	1	2
337	31	2	1	10	6	3	3	5	1	3	3	1	4	4	2	4	4	4	4	4	4	4	3	3	5	3	3	3	1	2	4	1	3	3	3	5	4	4	5	4	1	2	2	5	1	3	2	3	3	3	2	1	4	5	2	5	5
338	47	2	0	8	7	5	5	4	4	2	3	5	5	4	4	3	1	4	1	1	1	4	1	1	5	2	5	1	5	4	3	5	4	1	3	5	2	1	1	5	3	4	3	5	1	5	4	4	3	3	5	5	1	4	7	6	4
339	25	1	1	10	5	4	2	4	2	4	2	1	3	2	4	2	4	4	3	1	2	4	1	3	5	2	4	3	5	3	2	4	4	2	3	3	2	2	4	3	3	3	3	4	1	2	2	2	3	2	2	3	5	5	5	3	4
340	22	1	1	15	6	4	2	5	4	4	1	2	3	2	3	4	2	5	4	3	3	4	1	1	5	4	4	2	3	3	2	5	3	3	3	4	5	3	4	5	1	4	3	5	1	5	5	5	5	5	5	3	5	6	6	3	3
341	53	2	0	4	4	5	1	1	5	1	1	1	1	4	1	1	1	4	1	3	3	2	4	1	5	4	5	2	5	3	1	3	1	3	3	4	1	1	1	4	3	3	5	3	1	1	1	1	1	1	1	1	1	1	1	1	1
342	60	1	1	9	6	2	5	4	2	4	2	1	2	5	4	2	4	4	4	2	2	4	2	3	5	4	5	3	4	4	3	4	4	4	3	2	2	2	2	2	4	4	3	2	5	4	4	3	4	4	3	3	5	5	3	5	2
343	23	1	1	10	4	4	3	3	2	3	3	3	3	2	2	2	2	3	3	3	2	3	3	3	5	3	3	3	2	3	2	2	3	3	3	2	3	2	3	3	3	3	3	2	1	3	3	2	2	2	3	4	3	5	4	5	5
344	18	3	0	10	5	4	5	5	1	2	1	3	5	5	2	1	1	5	1	5	5	5	4	1	5	5	5	2	3	2	3	1	5	5	3	5	5	4	5	2	1	5	5	5	1	4	3	2	4	2	3	1	1	3	1	1	3
345	31	2	0	15	7	4	5	5	5	5	5	5	5	5	5	5	1	5	5	5	5	5	5	5	5	5	5	5	5	5	5	1	5	5	3	5	5	5	5	5	2	5	3	2	1	5	5	5	5	5	5	7	7	7	7	7	7
346	39	2	1	10	7	3	4	5	4	4	4	1	4	4	3	4	2	4	4	3	4	3	2	4	5	4	4	4	4	3	3	2	4	4	3	4	4	4	5	5	3	4	2	5	1	4	4	4	4	4	4	4	7	7	7	4	4
347	30	1	1	9	4	3	3	3	4	3	3	4	4	3	3	4	3	4	3	3	3	3	3	2	5	4	4	3	4	3	4	4	4	3	3	3	4	3	3	4	3	3	3	2	1	3	3	3	3	4	3	3	4	4	4	5	4
348	44	1	0	10	6	1	5	5	1	5	1	1	2	5	5	2	2	5	5	4	4	4	1	4	5	4	4	4	5	2	4	1	4	4	3	4	5	4	5	4	4	1	1	4	1	5	4	4	5	4	4	5	7	7	6	6	5
349	32	2	1	12	6	4	3	4	4	5	4	2	5	4	5	4	2	5	2	4	1	3	2	3	5	4	5	4	4	4	4	2	4	4	3	3	4	3	2	4	4	4	3	3	1	4	4	4	5	4	4	5	7	6	6	5	4
350	32	1	0	8	5	5	2	2	5	2	5	4	5	2	1	4	3	5	4	2	1	4	3	1	5	4	5	1	1	2	5	4	4	3	3	4	3	4	4	4	2	4	4	5	1	1	1	1	1	2	1	1	1	1	4	1	4
351	28	2	0	10	6	3	4	5	1	5	1	1	5	5	5	4	4	5	3	3	5	3	1	3	5	4	3	4	3	2	3	2	5	4	3	4	4	4	2	4	3	2	3	2	1	4	4	4	4	4	4	1	4	3	5	2	2
352	27	1	1	8	7	2	5	5	5	5	3	1	5	5	3	5	5	5	3	5	5	5	3	3	5	5	5	3	3	1	3	3	3	4	3	5	5	5	5	5	2	5	1	5	1	5	5	5	5	5	5	4	7	7	6	6	1
353	32	1	0	10	6	5	3	4	4	4	2	1	5	4	3	2	4	4	5	1	1	3	1	3	5	2	4	4	5	4	2	4	4	4	3	4	3	3	2	4	3	3	3	4	1	3	3	4	5	4	4	5	7	7	5	6	3
354	33	1	1	10	2	4	2	4	1	5	2	2	5	4	5	2	2	4	4	1	2	2	2	1	5	4	5	4	5	2	3	2	5	5	3	1	5	4	2	5	2	2	2	5	1	5	4	4	5	4	4	2	5	5	6	5	4
355	34	1	1	9	2	5	2	2	4	2	4	4	5	2	2	2	2	4	4	2	2	2	1	1	5	3	3	3	4	2	2	4	4	2	3	3	3	2	5	4	4	2	2	2	1	3	2	2	4	2	1	3	5	5	2	5	2
356	35	2	0	12	6	4	2	4	2	2	5	1	5	5	2	1	2	4	2	1	3	4	3	3	5	1	3	3	5	4	3	4	4	1	3	3	4	1	3	4	5	1	2	3	1	4	1	1	4	2	4	4	5	5	4	5	4
357	48	2	1	9	5	2	4	4	2	4	1	1	4	4	4	2	4	3	4	4	4	4	2	2	5	4	2	4	3	2	3	4	4	4	3	4	4	4	4	4	2	3	2	4	1	2	2	2	2	2	2	2	4	4	5	1	1
358	34	1	1	7	6	4	2	3	4	2	4	4	4	3	2	2	2	4	4	2	4	2	3	2	5	4	4	4	3	2	3	5	2	3	3	5	4	4	5	4	1	4	2	3	1	3	3	2	3	4	3	2	5	4	3	6	2
359	39	2	0	10	7	1	5	4	1	5	5	1	2	5	3	1	3	4	5	3	3	3	1	3	5	4	2	3	5	2	3	4	3	4	3	3	5	5	5	5	3	1	1	3	1	5	5	5	5	5	5	1	7	7	7	1	1
360	30	2	1	3	5	2	2	4	1	3	4	1	3	4	2	1	4	5	4	4	2	4	4	4	5	3	5	1	5	3	4	5	4	4	3	2	4	2	1	5	4	3	4	1	1	5	5	5	5	5	5	1	2	3	1	2	1
361	31	1	0	9	5	2	3	1	5	2	3	4	4	5	2	4	2	5	2	3	3	5	2	3	5	4	5	2	5	3	3	5	4	4	3	2	4	4	4	4	3	5	2	4	1	5	4	4	5	2	4	3	5	6	5	4	3
362	36	2	1	4	7	4	3	5	5	5	5	3	4	3	3	4	4	5	4	5	5	4	5	4	5	4	5	5	5	4	4	5	4	5	3	4	5	5	5	5	4	4	4	5	1	4	5	4	5	5	5	7	4	5	4	4	5
363	80	1	1	8	5	2	4	4	4	4	4	4	4	5	4	2	2	5	4	1	3	4	1	5	5	4	5	4	2	5	2	5	5	5	3	4	4	4	4	4	4	4	1	2	1	3	2	2	4	4	4	1	4	5	1	4	3
364	25	2	0	10	5	2	5	4	1	5	2	1	5	5	5	2	2	5	1	3	3	5	2	2	5	3	4	4	4	2	5	1	5	4	3	5	5	2	5	5	3	4	1	5	1	2	2	2	2	3	2	6	5	6	5	5	5
365	24	1	1	8	6	4	3	4	3	3	2	2	4	4	4	4	5	4	4	4	4	4	4	2	4	4	3	4	4	4	4	2	4	4	3	4	4	2	4	4	4	4	2	4	1	4	4	4	4	4	4	6	6	6	3	3	5
366	52	2	0	8	6	5	5	5	5	4	1	2	4	5	2	2	2	5	5	3	3	4	1	2	5	5	2	2	5	2	3	5	4	5	3	5	5	4	5	5	3	4	3	5	1	2	2	2	5	2	5	1	1	1	1	1	1
367	45	1	1	10	6	4	4	5	2	4	1	1	5	5	4	1	2	5	4	3	1	2	2	3	5	5	4	3	5	3	3	3	4	4	3	4	3	4	5	4	4	4	3	4	1	5	5	4	5	4	5	4	6	6	6	4	4
368	27	1	0	10	6	1	5	5	1	5	1	1	1	5	5	3	5	4	3	5	4	3	1	2	5	5	3	1	1	1	3	3	5	3	3	4	5	5	5	5	3	5	3	5	1	5	5	5	5	5	5	4	5	6	7	5	6
369	52	1	0	9	6	4	2	4	5	2	5	5	5	5	2	2	1	4	1	1	2	5	2	4	5	5	4	2	5	2	3	2	4	5	3	4	4	2	5	4	2	2	2	4	1	5	2	4	5	4	2	5	7	6	5	2	1
370	44	2	0	10	4	3	3	2	3	2	3	1	4	5	2	4	3	4	4	3	3	4	2	3	5	4	4	4	3	2	3	4	3	4	3	4	4	4	5	4	3	3	3	4	1	5	5	4	5	4	4	4	3	4	5	4	6
371	31	1	0	8	4	2	4	3	1	3	4	2	2	4	5	1	3	3	5	2	1	5	1	3	5	5	3	4	5	3	3	1	2	3	3	3	3	5	3	4	5	3	5	2	1	2	2	2	2	3	2	4	4	4	4	4	4
372	27	2	1	9	5	3	3	3	3	3	3	2	4	4	3	4	3	3	4	3	3	5	3	3	5	4	4	3	3	3	3	3	3	3	3	3	3	3	3	4	3	3	3	3	1	3	3	2	3	3	3	1	2	3	1	4	1
373	45	2	1	10	5	4	4	2	4	2	2	4	4	2	4	1	4	5	2	3	2	4	2	1	5	4	5	2	5	1	4	5	2	4	3	5	4	4	5	4	4	4	2	5	1	5	5	4	5	4	5	1	7	7	1	7	6
374	62	2	0	8	6	3	3	4	4	4	2	2	4	3	4	2	3	4	4	2	2	3	2	2	5	4	4	2	4	3	3	2	5	3	3	4	4	4	4	4	4	3	2	4	1	4	4	4	4	4	4	1	5	2	3	4	3
375	38	2	1	8	6	3	2	5	4	4	1	1	2	5	3	4	1	5	4	1	3	4	3	2	5	2	5	4	3	4	5	4	5	3	3	5	4	4	5	5	3	5	2	4	1	4	4	3	4	4	3	1	6	6	7	1	6
376	57	2	0	9	5	3	2	4	1	1	1	4	3	5	5	1	2	5	3	3	5	4	2	2	5	4	4	3	5	4	3	2	4	4	3	3	4	3	4	4	4	4	2	5	1	4	4	5	4	4	4	1	5	6	5	5	1
377	28	2	0	8	6	4	3	3	3	4	2	2	3	3	4	4	2	3	1	3	3	5	3	3	5	3	3	2	4	2	3	3	3	2	3	3	4	2	3	3	3	3	2	4	1	3	4	3	4	3	3	1	3	2	1	3	2
378	69	2	1	12	7	4	5	5	4	5	5	1	5	5	4	2	2	5	5	3	1	4	1	4	5	5	3	4	5	3	3	5	4	4	3	3	5	5	5	5	2	4	3	4	1	5	4	4	4	5	4	1	2	7	2	1	3
379	35	2	1	12	7	2	4	4	3	2	1	1	3	4	2	4	1	4	4	2	3	3	1	4	5	4	4	3	5	3	3	2	3	5	3	3	4	4	4	4	2	4	3	4	1	5	4	5	5	4	5	3	7	6	6	2	2
380	26	2	0	8	6	4	2	4	4	2	2	4	4	4	2	2	2	4	4	4	4	5	2	2	5	5	4	2	5	3	3	5	4	2	3	4	3	3	4	4	2	3	4	5	1	2	2	2	3	3	3	1	7	1	1	7	1
381	41	2	1	9	5	4	2	4	1	4	3	5	4	5	4	3	3	4	4	1	1	4	1	3	5	3	4	4	5	3	3	3	4	4	3	4	4	5	4	4	2	3	3	3	1	3	3	2	3	3	3	1	4	7	5	5	1
382	29	2	0	9	5	5	3	5	2	4	1	1	4	5	4	2	5	5	4	3	3	5	3	4	5	5	3	4	5	5	5	1	5	4	3	5	4	1	5	3	4	4	3	5	1	3	3	5	5	2	2	1	4	5	4	5	3
383	28	2	1	8	4	1	5	5	2	5	1	1	1	5	5	1	2	5	5	1	1	3	3	1	5	3	5	1	1	5	3	5	5	3	3	4	4	5	4	5	5	1	2	2	1	1	1	1	1	3	1	4	4	4	4	4	4
384	28	2	0	10	6	3	2	5	4	4	3	1	5	5	3	2	2	4	3	3	3	4	2	3	5	3	4	3	5	2	3	2	4	4	3	2	3	1	4	5	2	4	4	4	1	4	3	3	4	3	4	4	5	5	4	1	3
385	36	2	0	9	5	5	1	4	5	2	5	5	5	3	2	3	2	3	1	4	1	4	3	1	5	3	5	3	5	4	1	4	4	2	3	5	5	1	5	4	3	4	5	4	1	3	3	3	3	3	4	4	6	7	4	5	4
386	52	1	1	8	6	4	2	2	4	3	4	4	4	2	2	1	2	5	4	3	3	4	2	1	5	3	4	4	5	3	3	2	4	4	3	5	3	2	4	4	4	2	4	2	1	4	2	2	5	2	4	6	5	7	3	5	2
387	23	2	1	7	6	4	2	2	4	2	4	4	4	2	2	4	3	5	4	4	2	4	4	4	5	4	5	3	4	2	4	4	4	4	3	3	4	4	4	3	5	4	4	4	1	1	4	2	4	4	4	6	6	6	5	4	7
388	26	2	0	9	6	4	3	3	3	4	4	2	4	1	2	3	4	2	1	3	2	1	3	5	5	2	2	5	4	3	3	3	1	3	3	4	2	4	2	3	3	2	4	4	1	3	3	2	1	1	2	4	7	5	6	2	4
389	68	2	1	10	7	1	4	5	4	4	5	1	4	5	4	4	4	5	4	3	1	5	1	5	5	5	5	4	5	2	3	4	4	4	3	4	5	5	5	5	3	4	2	4	1	5	5	5	5	5	4	1	7	7	6	6	4
390	46	2	0	9	7	2	3	5	1	4	1	1	2	5	4	4	2	5	3	1	1	3	1	4	5	4	4	4	5	5	4	3	4	4	3	4	5	3	4	4	2	4	2	4	1	2	2	1	1	1	2	7	7	6	7	7	7
391	30	2	1	12	5	5	1	4	4	1	5	5	5	2	2	1	2	5	5	1	2	4	1	4	5	4	5	2	5	1	4	4	5	1	3	4	2	1	5	5	2	5	2	5	1	1	1	1	2	1	2	1	3	1	1	4	7
392	31	2	0	10	7	4	2	5	2	5	5	5	5	4	5	1	1	5	4	5	5	1	1	1	5	1	5	1	5	4	5	4	5	4	3	5	5	5	5	5	3	1	1	5	1	5	4	4	5	4	4	1	1	1	1	1	1
393	30	2	1	10	6	5	2	2	4	2	3	1	3	2	1	3	1	5	4	2	1	4	2	3	5	4	5	2	5	2	3	4	4	3	3	2	4	2	5	5	2	4	3	5	1	4	3	3	5	3	4	1	5	6	4	1	4
394	55	2	1	10	7	1	4	4	2	5	2	5	5	4	3	2	2	4	4	3	3	2	2	3	5	4	4	2	5	3	4	2	4	4	3	3	3	4	5	4	2	4	2	4	1	4	4	4	5	4	5	2	4	3	6	5	2
395	46	2	1	8	6	3	2	4	4	4	2	1	5	4	2	3	2	4	4	2	2	3	3	2	5	4	4	2	4	3	2	2	2	2	3	4	4	4	1	4	4	4	4	5	1	2	3	3	2	3	3	4	5	5	5	5	3
396	39	1	0	9	5	4	5	3	1	3	4	1	5	5	4	4	3	5	5	3	1	3	1	4	5	3	4	4	1	5	4	3	3	3	3	4	3	5	4	3	3	4	4	1	1	1	2	1	1	1	1	3	6	1	2	2	4
397	28	2	0	8	5	3	4	5	1	3	1	2	5	4	2	3	1	5	5	2	1	4	2	1	5	3	4	3	4	2	3	2	4	4	3	4	3	5	3	4	3	1	1	4	1	2	1	1	3	3	2	2	4	5	5	3	5
398	28	2	1	10	6	1	2	4	1	2	1	1	4	5	5	2	3	4	4	1	3	4	1	3	5	4	3	4	3	3	2	5	3	3	3	4	4	4	3	2	3	3	2	5	1	4	5	4	4	4	4	4	6	6	4	7	5
399	32	2	0	9	5	4	2	5	2	4	2	3	5	3	4	1	2	4	3	1	1	4	1	2	5	1	4	3	5	4	2	2	3	4	3	4	5	3	4	4	3	4	3	4	1	3	3	3	4	3	3	3	3	5	3	4	3
400	25	2	1	12	7	4	2	4	4	2	2	2	5	4	2	3	1	5	2	3	3	4	2	1	5	4	5	2	5	3	3	3	4	3	3	5	4	4	4	5	2	2	2	4	1	5	5	5	5	5	5	4	4	2	4	3	4
401	34	1	0	7	6	5	5	5	5	5	5	5	5	5	5	5	5	5	5	5	5	5	5	5	5	5	5	5	5	5	5	5	5	5	3	5	5	5	5	5	5	5	5	5	1	5	5	5	5	5	5	1	7	7	7	7	7
402	24	1	1	6	6	5	2	5	4	4	5	4	4	5	5	4	5	5	5	3	4	4	4	4	5	4	4	5	4	4	5	5	5	4	3	5	4	5	5	4	4	5	5	4	1	4	4	5	3	4	5	6	4	4	5	6	5
403	49	2	0	10	6	4	3	4	3	4	4	4	4	4	2	5	2	5	4	3	3	4	2	5	5	4	4	4	5	2	4	4	4	4	3	4	5	3	5	4	2	3	2	4	1	4	4	4	4	4	4	4	7	7	3	6	5
404	19	2	1	9	5	5	1	2	2	2	4	4	5	2	4	4	2	5	5	1	1	4	1	3	5	4	4	1	5	3	1	1	5	4	3	1	3	4	5	2	5	5	2	1	1	1	1	1	1	1	1	4	6	6	1	4	2
405	33	1	1	8	3	5	2	1	4	4	4	4	3	2	2	1	4	4	5	3	2	2	1	1	5	1	3	1	5	3	4	2	4	4	3	1	3	4	4	3	4	4	2	2	1	2	1	1	2	2	1	4	3	5	4	4	3
406	37	1	0	3	4	3	3	3	2	3	2	1	3	4	3	2	4	2	3	3	2	3	3	2	5	3	3	3	5	3	3	4	3	3	3	3	3	3	3	3	3	3	3	3	1	3	3	3	3	3	3	3	3	3	3	3	3
407	22	1	1	8	4	5	1	4	1	2	5	5	5	2	5	2	5	5	5	4	1	5	2	5	5	2	5	1	5	4	5	2	4	5	3	4	4	5	5	4	5	4	1	5	1	1	2	2	4	2	2	1	6	6	1	6	1
408	44	1	0	9	5	2	4	3	2	3	4	3	4	4	4	2	3	4	3	2	2	4	2	3	5	3	4	4	4	3	3	4	3	4	3	4	4	3	5	4	4	3	2	3	1	3	3	2	3	2	2	3	3	2	4	3	4
409	30	2	0	9	5	5	1	4	5	1	4	5	5	4	1	1	2	5	4	3	3	4	4	1	5	1	5	1	5	5	4	5	5	1	3	5	4	4	5	5	4	4	5	4	1	5	5	4	5	4	4	2	1	6	2	2	1
410	47	2	0	10	6	4	2	2	4	2	4	4	5	2	2	2	2	4	4	2	2	4	2	4	5	4	4	2	2	4	3	4	4	4	3	4	4	4	5	4	2	4	4	2	1	4	4	4	4	4	4	2	4	2	3	1	2
411	51	1	1	9	6	3	4	5	1	4	2	5	4	5	5	2	2	5	4	2	2	4	3	2	5	5	4	3	4	2	2	4	4	4	3	5	4	3	5	5	2	2	2	4	1	4	3	3	5	4	4	3	5	5	4	4	3
412	69	1	0	7	2	1	5	4	1	4	2	1	5	5	4	1	4	5	5	1	1	4	1	1	5	2	1	4	2	3	3	2	5	3	3	4	3	4	5	4	5	4	3	5	1	2	1	1	1	5	1	6	3	5	4	7	6
413	28	1	1	9	5	2	2	4	4	4	1	4	4	5	5	1	2	4	4	4	4	4	2	3	5	5	5	2	5	2	4	4	4	5	3	5	5	4	5	4	2	2	2	5	1	5	4	4	5	4	4	3	5	5	5	6	5
414	65	1	1	9	4	3	3	4	3	3	5	1	4	4	4	1	2	5	4	1	1	4	2	2	5	2	4	3	4	3	3	5	3	4	3	5	2	2	5	5	4	2	3	4	1	4	2	2	4	2	2	1	1	1	1	1	1
415	32	2	0	10	5	4	2	4	5	3	4	4	5	3	2	4	3	4	4	4	2	3	1	1	5	4	3	2	5	2	3	5	2	5	3	4	5	1	5	5	1	4	5	5	1	4	4	4	5	4	5	2	7	7	5	2	4
416	47	1	0	8	5	4	1	1	3	5	2	4	5	4	2	3	1	5	1	1	1	4	2	4	5	2	5	3	5	4	3	2	4	1	3	4	2	1	2	4	4	2	3	1	1	3	1	2	3	4	3	4	5	6	4	5	3
417	71	2	1	9	6	2	5	5	3	5	4	1	3	5	4	2	4	1	5	1	1	2	1	3	5	5	4	4	4	2	3	4	4	2	3	2	3	5	1	4	2	2	3	5	1	4	4	4	5	4	4	4	5	6	3	4	2
418	26	2	1	11	6	3	2	4	4	2	2	4	5	4	2	2	4	4	1	1	1	4	2	2	5	2	3	2	4	2	4	2	4	3	3	2	2	4	4	4	4	4	4	5	1	4	4	4	4	3	5	4	6	7	4	5	6
419	39	1	1	9	6	4	2	4	4	2	4	2	5	5	4	1	1	5	1	1	1	5	2	1	5	4	5	3	5	2	4	5	4	4	3	5	4	1	5	5	5	2	5	1	1	5	5	4	5	4	4	1	6	1	1	2	1
420	50	1	1	8	6	4	1	4	4	5	4	5	5	5	5	4	1	5	1	1	1	5	5	1	5	4	5	4	5	5	1	1	4	4	3	4	5	1	5	5	3	4	5	5	1	4	5	4	5	5	4	4	4	5	7	7	1
421	26	2	0	8	6	3	2	4	3	5	2	1	5	5	3	2	1	4	2	3	4	2	2	2	5	4	3	4	5	3	1	4	3	4	3	3	5	1	5	3	3	3	5	4	1	4	3	3	4	3	4	5	7	5	4	5	4
422	54	2	1	8	6	1	5	4	4	1	1	1	4	5	1	1	2	5	1	1	1	5	1	3	5	4	5	4	5	2	4	1	1	2	3	5	3	1	5	5	2	1	2	4	1	4	4	4	5	4	4	1	7	3	7	7	7
423	45	1	1	5	5	3	3	3	3	3	3	3	3	3	3	2	2	2	2	2	2	2	2	2	5	2	2	2	2	2	2	2	2	2	2	3	2	1	3	3	2	2	2	2	1	2	2	2	2	2	2	4	3	4	3	4	4
424	69	1	1	9	6	2	2	2	3	4	2	5	3	4	4	3	2	4	5	2	1	2	5	1	5	4	5	2	5	3	4	2	2	5	3	2	3	5	2	2	2	5	4	5	1	4	4	4	4	4	4	4	6	6	5	3	4
425	40	2	0	8	5	2	5	5	4	1	1	1	5	5	2	2	2	5	2	3	3	5	2	1	1	5	5	2	5	5	3	5	5	3	3	5	5	1	5	5	1	5	4	5	1	4	5	5	5	3	5	4	7	7	4	3	4
426	50	2	0	10	5	4	3	4	4	2	1	1	4	4	2	2	4	4	2	1	1	4	4	3	5	2	4	3	5	3	3	5	4	4	3	3	3	4	5	4	2	2	5	2	1	4	3	4	4	4	3	3	6	1	5	6	6
427	44	2	0	10	6	3	3	5	4	4	3	1	3	2	5	3	3	4	4	3	3	3	1	1	5	4	5	2	3	4	3	5	5	4	3	4	5	5	5	5	3	5	3	3	1	4	3	3	3	3	3	2	4	6	3	5	2
428	42	1	0	6	7	1	5	5	3	4	1	4	4	5	5	4	5	5	1	3	1	5	1	4	5	5	5	4	5	5	4	5	5	4	3	5	5	2	5	5	4	5	4	5	1	5	5	4	5	4	4	4	6	6	2	4	5
429	26	2	1	10	7	1	2	5	3	5	1	1	4	5	3	2	3	4	3	1	1	3	1	3	5	4	3	3	5	3	3	3	4	3	3	3	3	3	4	4	2	3	2	4	1	5	4	4	5	4	5	1	5	6	6	1	1
430	34	1	0	11	6	3	4	4	3	2	4	2	5	4	3	3	2	5	4	5	2	4	2	2	5	4	4	3	4	2	4	3	4	4	3	4	4	4	5	5	2	3	2	4	1	4	5	4	5	5	4	3	5	6	4	3	6
431	39	2	0	7	1	1	4	5	1	4	3	1	5	5	4	1	1	5	3	1	3	4	1	1	5	5	4	3	5	3	3	5	4	4	3	2	3	4	5	5	1	4	3	5	1	4	4	3	4	4	1	7	1	7	4	7	1
432	57	2	1	10	6	2	5	5	1	5	1	4	1	5	5	1	2	5	4	2	4	2	1	2	5	4	5	2	2	4	5	4	5	5	3	5	5	4	4	5	4	4	1	4	1	5	5	5	5	5	5	1	7	7	5	2	1
433	38	2	1	8	2	4	2	4	5	1	1	1	5	2	1	1	1	5	2	3	2	4	3	1	5	2	5	2	5	3	4	3	4	3	3	5	3	3	5	4	4	5	2	1	1	2	3	2	3	3	2	2	5	4	5	5	5
434	29	2	1	9	5	2	4	5	4	1	1	1	1	5	2	4	5	5	5	1	1	5	1	1	5	4	5	4	3	2	1	2	4	2	3	5	3	5	5	5	4	1	2	5	1	4	2	4	4	3	4	1	1	1	1	1	1
435	52	2	0	9	5	4	2	2	4	2	4	4	4	2	4	3	1	5	5	3	3	5	2	2	5	4	4	4	4	2	2	4	4	5	3	2	3	1	5	5	2	4	2	2	1	1	1	1	2	1	1	4	6	6	7	5	3
436	37	1	1	10	6	4	3	5	2	4	2	2	4	5	4	3	4	4	4	4	3	4	2	4	5	4	4	5	4	3	4	3	4	2	3	5	4	4	2	4	4	4	5	2	1	4	4	4	5	4	5	5	7	6	5	3	4
437	35	2	1	12	7	4	4	4	4	2	1	2	2	5	2	4	2	5	4	3	5	4	4	4	5	4	5	2	5	2	2	4	4	4	3	5	4	4	5	5	3	5	4	5	1	5	5	5	5	5	5	2	5	6	6	3	1
438	32	2	1	5	3	2	4	4	2	2	4	1	3	5	3	3	3	4	4	1	2	4	2	3	5	4	4	3	1	4	3	5	2	4	3	4	3	5	5	5	3	1	3	3	1	2	2	2	2	2	2	2	4	5	4	5	4
439	59	1	0	10	6	4	1	4	5	3	5	5	5	2	2	4	1	5	5	4	4	3	1	4	5	5	5	3	5	2	4	5	4	4	3	4	3	1	4	5	4	5	2	1	1	4	4	4	4	4	5	5	6	7	5	7	6
440	41	2	0	9	6	2	4	4	2	4	2	1	2	5	4	2	2	4	4	2	2	4	2	3	5	3	4	3	5	3	3	2	4	3	3	3	3	4	4	4	2	3	2	4	1	4	4	4	4	4	4	3	6	5	5	6	5
441	23	1	0	6	6	4	1	2	4	1	5	5	5	4	1	5	5	4	4	4	5	4	4	4	5	4	5	1	5	1	5	4	4	5	3	5	5	4	5	5	1	4	1	5	1	4	5	5	4	4	4	5	6	4	5	6	5
442	47	1	0	8	4	1	5	5	1	5	1	1	1	5	5	1	1	5	1	3	3	5	1	5	5	3	3	5	5	5	5	1	5	5	3	5	5	3	5	5	1	5	1	5	1	3	1	2	4	3	2	1	4	4	1	4	1
443	67	1	1	10	7	4	2	5	4	4	5	1	5	5	4	1	4	5	4	1	2	4	1	2	5	4	5	2	5	4	5	4	5	4	3	5	3	4	5	5	4	4	2	5	1	4	4	4	5	3	4	5	6	6	6	2	7
444	30	2	1	9	6	4	2	4	3	3	4	2	5	4	4	4	2	4	4	1	1	2	2	2	5	3	4	2	4	3	3	3	4	4	3	4	4	4	4	4	4	4	2	4	1	4	4	4	4	4	4	2	6	5	6	2	2
445	28	2	0	9	6	1	5	5	2	2	3	2	1	5	3	3	2	5	4	3	3	4	5	3	5	5	3	3	5	2	4	2	3	4	3	3	4	4	5	5	3	4	2	3	1	5	5	5	5	5	4	4	3	4	4	6	7
446	34	1	1	5	7	4	2	5	4	2	3	1	5	5	2	4	2	5	1	4	5	2	3	3	5	5	4	2	5	4	3	4	4	4	3	4	5	2	5	4	2	4	2	5	1	3	2	2	3	2	2	3	5	4	2	6	2
447	29	1	1	9	5	3	3	4	3	3	4	4	4	3	2	3	3	3	3	2	3	4	3	2	5	3	3	2	3	2	3	3	3	3	3	3	2	4	4	3	4	2	4	4	1	4	4	3	4	4	4	3	5	5	2	2	1
448	21	2	0	6	5	2	3	4	3	2	3	2	5	4	4	5	2	5	4	4	2	4	4	4	5	4	4	3	3	4	4	4	4	4	3	4	4	4	4	4	3	4	2	4	1	4	4	4	4	4	4	2	4	6	3	6	3
449	48	1	1	10	3	5	5	5	5	1	5	5	5	5	1	1	2	5	1	1	1	4	2	4	5	2	4	4	5	5	4	5	5	5	3	5	2	2	5	4	4	5	1	4	1	5	5	4	4	2	5	1	1	1	7	7	7
450	37	1	0	1	5	5	2	2	4	1	4	4	5	5	2	2	2	5	4	3	4	4	2	2	5	3	4	4	3	2	4	5	3	2	3	4	4	2	5	4	5	2	3	1	1	4	4	3	4	4	3	4	6	5	7	4	6
451	32	2	0	8	5	1	2	4	4	5	1	1	5	5	5	4	3	5	5	2	3	4	1	2	5	4	5	2	5	3	4	4	5	3	3	5	5	5	5	5	3	4	2	5	1	4	5	5	5	4	3	5	7	5	4	5	4
452	43	2	1	8	4	4	4	5	4	4	4	1	4	4	4	3	2	3	5	2	1	4	1	3	5	1	5	4	1	1	3	4	3	1	3	5	4	5	5	4	2	4	1	4	1	3	3	3	3	3	3	4	7	6	5	6	1
453	29	1	1	9	6	4	3	4	3	4	3	4	4	4	4	3	2	2	2	3	3	4	4	4	5	4	4	4	4	4	4	5	5	4	3	4	3	4	4	4	4	4	3	4	1	5	4	4	4	4	3	2	2	6	5	2	2
454	31	2	0	9	5	1	5	5	3	3	5	1	5	5	3	1	1	5	5	3	5	5	3	2	5	5	5	4	4	3	4	4	5	2	3	4	3	4	3	4	5	4	4	5	1	4	4	2	5	3	4	4	5	5	5	6	5
455	39	1	1	7	3	1	4	5	1	5	1	1	4	5	5	2	4	5	2	4	2	4	2	4	5	2	4	4	2	5	5	4	4	4	3	4	4	4	4	5	2	4	2	5	1	2	4	4	4	2	4	4	4	3	5	4	3
456	36	2	1	10	5	4	1	4	2	4	5	1	4	4	4	5	1	5	5	1	1	2	2	4	5	5	4	4	5	2	2	5	5	5	3	4	5	4	5	5	2	2	2	5	1	5	4	4	5	4	4	5	6	6	7	7	1
457	49	2	0	9	6	3	3	4	4	4	2	4	4	5	2	3	3	5	4	3	3	4	4	3	5	3	4	2	4	2	3	3	4	4	3	4	4	4	4	5	3	3	3	2	1	4	3	4	3	4	3	3	4	6	2	3	3
458	29	1	0	9	6	4	4	5	2	4	1	2	4	5	3	4	2	4	3	3	2	4	2	4	5	3	4	4	4	3	3	2	4	3	3	4	4	3	4	4	2	4	3	3	1	3	3	3	3	3	3	2	2	6	4	6	3
459	21	2	0	8	7	4	3	2	4	2	1	4	5	4	2	4	2	5	1	1	1	4	3	1	5	4	4	2	5	1	4	1	4	4	3	2	4	4	5	3	2	5	3	5	1	4	3	2	5	3	4	1	1	1	1	1	1
460	63	1	0	10	6	2	3	4	2	5	3	4	4	4	4	3	2	5	4	1	1	4	3	4	5	5	5	4	4	3	3	3	5	4	3	4	5	4	5	5	4	4	3	5	5	4	3	4	5	4	4	3	6	5	6	6	4
461	34	2	1	9	7	1	4	5	2	4	2	2	4	5	4	4	2	4	2	4	1	4	2	4	5	5	4	3	5	2	2	2	4	3	3	4	4	2	5	4	2	4	5	4	1	3	2	2	4	4	3	1	5	6	1	5	1
462	23	2	0	7	6	3	4	5	3	5	1	3	5	5	4	2	2	5	3	3	2	2	3	3	5	5	3	3	3	3	3	5	5	5	3	5	5	5	5	5	3	4	3	5	1	3	3	3	3	3	3	4	2	7	6	6	6
463	39	2	1	9	6	5	1	5	3	5	5	4	5	5	5	1	1	5	5	5	3	5	1	5	5	3	2	5	1	3	5	1	5	4	3	4	5	3	5	5	2	1	4	5	1	5	4	3	4	4	3	7	7	1	1	2	7
464	72	1	0	9	6	1	5	4	5	5	5	5	5	5	5	1	2	4	5	1	1	4	3	4	5	2	4	3	4	5	3	5	5	2	3	5	4	4	4	4	4	3	4	4	1	3	3	3	4	4	4	3	5	1	5	4	5
465	36	2	1	10	6	4	2	5	4	3	2	2	4	4	3	4	4	4	4	2	2	4	3	4	5	4	3	4	5	3	3	4	4	4	3	4	4	4	4	5	4	4	4	4	5	4	4	4	4	4	4	4	3	6	7	6	6
466	26	1	1	8	6	2	5	1	1	4	5	5	5	1	4	3	2	5	1	2	1	1	4	1	5	5	5	1	5	3	4	5	5	4	3	5	3	1	5	4	4	5	5	4	1	5	5	4	5	4	5	2	4	5	4	4	4
467	53	2	0	10	6	3	4	3	2	4	4	1	4	4	3	2	4	4	5	2	2	4	1	2	5	3	4	2	5	4	2	4	3	3	3	5	4	5	3	4	3	4	3	5	1	3	3	3	4	4	4	2	6	4	2	5	2
468	57	2	1	10	7	2	4	5	4	4	1	1	3	5	3	4	2	5	4	2	1	2	1	4	5	4	4	4	3	3	2	2	4	1	3	2	3	4	5	5	2	1	2	5	1	4	2	2	4	3	2	5	6	7	3	6	3
469	27	2	1	6	5	2	3	3	3	4	2	2	3	4	5	3	5	4	4	3	3	4	2	4	5	3	5	4	4	4	3	3	3	4	3	5	4	4	5	5	4	4	3	4	1	4	4	4	4	3	5	4	6	4	3	6	4
470	22	2	0	10	6	4	2	3	4	2	4	3	5	3	2	4	1	5	2	2	2	4	2	2	5	4	3	4	5	2	3	4	3	3	3	4	2	2	4	4	3	4	3	5	1	4	4	4	4	3	4	4	5	5	4	4	3
471	42	2	0	9	6	3	2	4	4	4	4	2	4	4	4	4	2	4	4	5	4	4	2	2	5	4	5	2	5	4	4	4	4	3	3	3	5	4	4	4	3	3	2	5	1	5	5	4	5	4	4	5	7	6	5	5	3
472	29	1	1	7	6	4	3	4	4	4	5	3	3	4	4	3	2	4	4	4	3	4	3	3	5	5	4	3	4	4	4	2	3	4	3	3	2	4	3	2	3	4	4	3	1	4	2	3	4	3	2	5	6	4	6	5	6
473	20	2	0	8	6	4	2	4	4	2	5	1	4	4	2	3	2	4	4	2	2	5	1	4	5	4	4	2	3	2	1	2	2	4	3	4	3	2	4	2	2	4	4	4	1	1	1	1	2	2	2	3	6	4	1	5	2
474	23	2	1	9	7	5	2	1	5	3	3	4	5	4	2	4	5	1	2	4	4	4	1	3	5	3	4	2	4	2	3	2	4	4	3	4	3	2	3	4	4	4	2	2	1	3	3	2	4	3	1	3	6	7	6	7	2
475	32	1	0	8	6	3	2	4	4	2	2	1	4	5	2	3	2	5	3	2	2	4	2	3	5	4	3	3	2	4	3	2	4	4	3	3	4	4	4	4	3	1	3	4	1	4	4	4	5	4	3	2	3	4	3	4	2
476	24	1	0	9	6	4	4	2	2	3	1	1	5	4	2	4	4	4	4	5	4	4	1	2	5	2	4	2	4	5	4	1	5	4	3	2	4	4	4	5	4	5	2	5	1	5	5	4	4	5	5	3	6	7	7	4	4
477	36	1	1	11	5	4	4	5	2	4	2	3	5	5	5	4	2	5	4	3	3	4	2	2	5	4	4	2	2	2	3	1	3	2	3	5	3	5	4	4	4	4	2	4	1	2	2	2	2	3	3	6	6	7	6	7	5
478	24	2	0	10	7	1	3	4	5	4	1	4	4	5	4	4	2	5	2	3	4	4	1	1	5	4	2	2	5	4	3	1	2	4	3	4	5	4	5	2	3	4	1	4	1	5	5	5	5	4	5	1	7	7	7	1	1
479	46	2	1	7	7	1	5	5	1	5	1	1	2	5	5	2	4	5	4	4	2	4	5	4	5	5	2	5	1	2	4	2	4	4	3	5	5	4	5	5	2	4	2	5	1	5	5	5	5	5	5	2	7	7	6	6	3
480	27	2	0	7	5	2	2	2	3	2	3	2	3	3	3	4	4	4	3	4	4	4	4	4	5	4	4	4	4	4	4	4	4	3	3	4	4	3	4	4	3	4	3	5	4	3	4	3	5	4	4	3	2	5	5	5	3
481	31	1	1	7	3	4	4	4	4	3	3	2	5	5	2	1	5	5	1	5	3	4	2	1	5	3	5	1	5	4	3	4	4	3	3	4	3	2	5	4	5	4	3	1	1	4	4	4	4	4	4	4	6	3	5	5	6
482	44	2	1	10	7	5	5	5	5	5	3	1	5	5	5	5	3	5	4	4	5	5	1	3	5	5	5	3	5	5	5	3	5	5	3	5	5	5	3	5	3	1	1	5	1	4	3	2	3	2	3	2	3	5	5	3	3
483	26	2	0	10	6	3	2	4	5	3	2	2	4	5	4	2	2	4	1	1	1	5	1	5	5	2	5	1	3	2	1	5	1	4	3	3	2	4	5	2	3	1	4	2	1	3	2	2	3	2	3	2	4	2	2	2	1
484	35	1	1	10	5	5	3	3	5	2	3	3	5	5	3	4	2	5	4	3	3	3	2	3	5	4	3	4	5	3	3	2	4	4	3	4	3	4	5	5	3	5	1	1	1	4	4	4	4	4	4	4	4	4	4	4	4
485	26	1	1	11	5	3	3	4	3	3	3	2	3	4	3	4	3	4	4	3	3	4	3	3	5	4	4	3	4	3	4	3	4	4	3	4	3	4	4	4	2	3	2	4	1	4	4	4	3	3	4	5	6	6	5	6	5
486	27	2	0	12	6	4	2	4	4	2	2	4	4	3	4	4	2	4	4	3	1	5	3	1	5	2	5	1	4	3	2	3	3	2	3	3	3	4	4	4	2	4	2	4	1	4	4	4	4	4	4	6	6	6	6	2	5
487	26	2	0	8	3	3	5	3	2	3	3	1	3	4	2	3	3	2	4	3	3	3	3	3	5	3	2	3	1	4	2	2	3	3	3	3	3	3	5	3	3	3	3	5	1	4	3	3	4	3	3	1	1	4	4	4	4
488	35	2	1	12	6	3	1	2	2	2	2	3	1	4	2	2	2	4	2	3	3	1	2	5	1	1	3	3	1	2	2	2	3	2	3	5	3	2	2	2	3	2	3	2	1	3	1	3	5	3	3	4	4	4	5	6	6
489	49	1	1	9	6	1	5	5	4	4	4	4	5	5	5	1	2	5	5	2	1	4	4	3	5	5	5	2	4	4	4	3	4	4	3	4	5	5	5	4	2	5	1	5	1	5	5	5	5	4	5	1	6	6	4	4	1
490	63	1	0	10	6	4	4	4	4	4	3	3	5	4	3	2	3	4	2	1	2	3	2	2	5	4	4	4	5	3	3	4	3	4	3	4	4	2	5	4	4	3	2	5	1	4	4	3	4	3	4	3	3	7	5	5	4
491	30	2	1	10	5	5	1	4	4	1	1	1	5	5	1	1	5	5	5	5	5	5	1	1	5	5	1	5	5	3	1	3	5	5	3	5	5	5	5	5	5	3	1	5	1	5	4	4	5	4	5	1	7	1	7	1	5
492	49	1	0	9	6	4	2	1	4	3	5	4	4	3	3	3	3	3	3	3	3	3	3	3	5	4	4	3	5	2	3	2	4	3	3	2	4	3	4	4	3	3	3	3	1	3	3	3	3	3	3	4	4	4	4	4	4
493	30	1	0	5	6	1	1	4	2	2	5	2	4	3	4	5	1	5	2	3	1	4	5	5	5	4	2	3	1	3	1	4	2	1	3	4	3	2	5	3	3	3	5	4	1	2	3	2	5	3	2	6	6	5	5	7	6
494	38	2	1	15	6	4	2	4	5	2	5	1	4	4	2	1	4	5	5	1	1	5	1	2	5	3	3	3	5	4	2	5	2	2	3	4	3	5	5	5	2	5	4	5	1	3	2	2	4	2	3	6	6	6	6	6	6
495	34	2	1	8	3	1	1	4	4	4	1	1	4	5	2	4	2	5	1	1	2	4	1	3	5	5	4	2	5	3	2	1	3	3	3	5	4	1	5	4	1	2	1	4	1	4	1	1	4	1	2	1	1	1	1	1	3
496	40	1	0	7	6	4	4	3	4	3	3	3	4	3	4	4	4	4	3	4	3	4	3	4	5	4	4	4	4	3	4	4	3	3	3	3	3	4	4	4	4	4	4	3	1	3	3	4	3	4	4	4	2	4	2	5	5
497	37	2	0	10	6	4	2	4	4	2	2	4	4	4	2	2	2	4	4	2	1	3	2	2	5	4	5	3	3	2	3	2	4	4	3	5	4	4	4	4	3	4	2	5	1	4	4	4	4	4	4	3	6	6	5	4	1
498	62	2	0	12	6	1	4	5	1	4	1	1	2	5	5	2	4	4	4	5	5	2	1	4	5	4	2	4	2	3	4	2	4	4	3	3	4	5	4	4	2	2	2	5	1	5	5	5	5	5	5	2	4	5	2	3	1
499	57	2	1	10	5	3	4	5	4	4	3	1	5	5	4	4	2	4	3	1	2	4	1	3	5	3	4	2	3	3	2	4	2	4	3	4	4	3	5	4	2	4	3	4	1	2	2	2	2	2	3	3	1	1	5	4	5
500	58	2	1	12	7	1	5	4	1	5	3	1	4	5	5	1	4	4	3	1	1	2	2	2	5	4	4	2	5	2	3	1	2	4	3	2	5	4	5	4	1	4	3	5	1	5	5	5	5	5	5	4	7	7	3	4	3
501	67	1	0	9	6	4	2	2	4	2	4	4	4	4	4	4	2	4	5	1	1	4	2	4	5	4	4	4	4	4	3	4	4	4	3	2	4	5	5	4	4	4	2	5	1	4	2	2	4	2	2	1	3	4	4	5	4
502	45	1	0	9	2	5	2	3	4	1	5	4	4	3	2	2	3	5	4	2	3	5	1	3	5	3	5	4	3	4	3	4	4	4	3	4	3	2	5	4	4	1	3	4	1	4	2	2	5	3	4	5	3	5	4	5	4
503	42	1	0	10	4	3	2	4	3	2	2	2	4	4	4	1	4	3	2	2	2	4	2	3	5	2	4	3	4	4	2	4	3	4	3	4	3	3	3	4	4	2	3	4	1	3	3	3	5	4	4	2	5	3	4	5	4
504	31	2	1	8	4	1	5	5	1	5	1	1	1	5	5	3	2	5	4	4	4	4	1	3	5	5	4	3	3	1	4	2	5	4	3	5	3	5	5	5	1	1	1	3	1	3	4	3	4	4	3	1	3	4	4	3	3
505	34	1	1	8	5	5	3	4	5	1	3	4	4	3	2	3	4	4	2	2	3	4	3	3	5	2	3	3	4	2	3	1	4	4	3	4	3	4	2	5	3	3	3	5	1	4	4	3	2	4	4	4	5	5	6	4	3
506	50	2	0	8	4	1	5	5	1	5	1	1	1	5	5	4	1	5	4	1	1	5	1	3	5	1	5	3	5	1	4	1	4	5	3	4	3	4	5	5	1	1	1	3	1	3	2	3	2	3	2	1	4	2	1	3	1
507	38	1	1	8	3	4	2	2	4	4	2	4	5	4	3	2	4	3	4	2	2	4	1	2	5	4	4	2	3	2	3	4	3	4	3	2	2	2	4	4	5	4	3	3	1	1	2	2	2	1	1	4	4	4	4	4	3
508	27	1	0	5	6	5	5	5	3	4	5	4	3	3	4	4	3	5	4	5	2	3	5	5	5	5	3	5	4	4	3	5	3	5	3	5	5	3	3	4	4	5	4	5	1	4	5	5	5	5	4	6	6	5	6	5	5
509	26	2	1	15	7	2	5	5	1	1	1	1	2	5	5	1	3	5	5	2	3	4	1	3	5	5	4	5	5	1	4	3	4	4	3	5	5	5	5	5	5	5	1	5	1	5	5	5	5	5	5	4	4	7	7	5	3
510	59	2	0	9	6	1	5	5	2	5	4	2	2	5	5	3	2	5	2	1	1	2	2	1	5	4	4	2	5	1	3	2	4	4	3	1	5	3	2	4	2	5	3	5	1	5	5	5	5	5	5	2	7	7	4	5	1
511	54	1	1	9	7	2	4	5	1	5	1	4	3	5	5	1	1	5	5	3	1	4	2	2	5	5	2	4	5	4	3	1	2	4	3	5	3	4	5	5	3	4	3	5	1	5	5	3	5	5	4	1	5	2	5	6	6
512	42	2	0	10	5	1	4	4	1	4	2	1	4	5	1	5	1	5	1	1	1	4	1	4	5	4	2	4	4	1	2	4	5	1	3	1	4	2	5	4	3	2	3	5	1	3	1	2	4	1	2	1	2	5	5	4	5
513	40	1	0	9	5	4	3	3	2	3	3	4	4	3	2	4	3	3	4	4	4	4	3	4	5	3	3	2	4	3	3	3	3	3	3	4	4	4	4	4	3	3	4	4	1	3	3	4	3	3	4	5	5	5	5	4	5
514	33	2	1	8	5	5	1	2	5	2	4	5	5	4	1	2	4	5	4	3	4	5	1	2	5	2	4	4	3	1	3	4	4	2	3	2	2	5	5	4	3	2	2	5	1	2	2	1	4	2	1	3	1	1	3	4	1
515	23	2	0	7	5	4	1	4	2	2	2	2	3	3	2	2	2	3	3	3	3	4	2	3	5	2	1	2	2	2	3	1	2	1	3	1	2	3	2	2	2	2	2	2	1	2	2	3	2	1	2	6	6	6	5	5	5
516	33	2	0	9	6	3	3	3	2	4	1	1	4	4	4	2	3	3	3	4	3	4	2	2	5	3	4	2	5	3	2	3	4	3	3	3	3	2	3	4	2	4	3	4	1	4	4	3	4	3	3	5	6	6	5	5	5
517	37	1	1	5	4	5	5	5	2	5	5	1	1	5	5	3	2	3	3	3	3	3	3	3	5	3	3	3	3	3	2	3	3	4	3	3	3	3	3	4	3	3	3	3	1	4	3	4	3	3	3	4	5	6	4	4	4
518	53	1	0	9	6	4	3	4	4	2	4	4	5	3	2	1	2	5	5	2	3	2	1	3	5	4	4	4	1	2	5	2	4	5	3	2	4	4	5	5	3	5	2	4	1	5	5	5	5	5	5	3	4	2	5	3	4
519	35	2	1	16	5	2	5	4	3	4	2	3	4	5	4	3	2	4	5	3	3	4	2	3	5	4	3	4	3	3	4	5	4	3	3	5	4	4	4	4	4	3	3	4	5	4	4	4	4	4	3	4	6	6	6	3	1
520	28	2	1	10	5	3	4	4	4	4	4	4	5	4	3	4	2	5	2	1	1	4	1	3	5	2	4	2	5	3	3	3	2	3	3	4	4	4	5	4	2	3	2	5	1	3	2	2	3	2	1	3	4	5	3	4	4
521	56	2	0	10	7	2	4	2	2	2	1	1	5	5	3	1	2	4	5	3	3	4	2	2	1	5	5	4	5	4	4	2	4	4	3	4	4	5	5	3	2	4	2	5	1	5	5	5	5	5	5	4	6	4	6	4	6
522	25	1	1	10	5	3	3	3	4	3	3	3	3	2	5	3	4	2	3	2	4	4	3	2	5	4	3	4	4	2	3	4	3	3	3	3	3	2	4	2	3	3	3	4	1	2	4	3	3	3	3	5	5	5	5	3	5
523	48	2	0	9	5	4	3	5	4	5	1	1	5	5	5	3	1	4	2	4	4	4	1	3	5	4	4	4	5	3	5	2	2	4	3	4	5	3	5	5	3	5	2	5	1	4	4	3	4	4	3	1	4	6	5	6	3
524	29	1	0	5	4	3	3	3	3	3	3	3	3	3	3	3	3	3	3	3	3	3	3	3	5	3	3	3	4	3	3	3	3	3	3	3	3	3	2	3	3	3	3	3	1	3	3	3	3	3	3	4	4	4	4	4	4
525	32	1	0	14	6	2	3	2	2	3	2	3	3	2	3	2	3	3	3	2	2	3	3	2	2	2	3	2	2	3	2	2	3	3	3	2	3	3	3	2	3	3	3	3	1	3	3	3	2	3	2	4	3	6	5	5	4
526	37	1	0	8	6	3	2	4	4	4	5	4	4	4	4	1	2	5	4	1	1	4	1	3	5	2	3	3	5	3	3	2	4	3	3	4	3	3	4	4	3	4	3	4	1	3	4	3	4	4	4	5	5	5	5	6	4
527	54	2	1	10	5	4	3	4	2	3	2	4	4	4	4	3	2	4	4	4	3	4	3	3	5	4	3	3	5	3	4	3	4	4	3	4	4	2	4	4	3	3	3	4	1	4	4	4	5	4	4	3	4	6	6	6	4
528	22	1	1	11	6	4	2	4	1	2	3	1	4	1	5	4	2	5	4	1	3	2	1	2	5	5	4	4	5	2	2	2	4	4	3	4	4	2	5	5	4	4	2	2	1	5	5	5	5	4	4	5	6	7	6	4	3
529	48	2	1	10	6	2	2	4	5	1	1	5	5	5	2	2	1	4	4	2	1	4	5	1	5	5	5	2	4	1	4	5	2	1	3	2	5	5	5	5	1	4	3	1	1	4	2	2	4	4	3	5	1	6	3	5	3
530	30	1	1	10	6	1	5	5	1	5	1	1	1	5	5	3	3	5	3	3	3	3	3	2	5	5	5	4	5	2	5	3	5	5	3	3	5	3	4	3	3	3	1	5	1	4	5	4	4	4	5	6	6	6	6	6	6
531	34	1	0	10	5	3	4	3	4	4	2	3	5	5	5	3	2	5	3	5	4	5	1	5	5	4	3	4	5	5	4	4	3	3	3	5	4	1	4	3	5	2	2	5	1	3	2	2	5	2	4	1	5	7	5	7	3
532	32	2	1	12	6	5	2	4	5	3	5	5	5	5	1	5	3	4	4	1	1	2	2	1	5	5	1	2	5	4	3	5	4	5	3	1	5	1	5	5	4	4	2	4	1	5	5	5	5	5	5	2	6	6	6	1	1
533	36	2	0	9	6	1	5	5	1	5	1	1	3	5	5	3	1	5	5	1	1	5	1	3	5	5	1	5	5	2	5	4	5	1	3	5	5	5	5	5	3	4	1	5	1	5	5	5	5	5	5	5	3	7	7	6	5
534	26	2	1	11	6	4	5	5	4	3	1	1	1	5	5	2	4	4	5	3	1	3	1	3	5	2	2	4	4	2	3	2	4	3	3	4	4	5	5	5	3	2	4	4	1	3	3	3	3	2	3	4	4	4	3	4	3
535	21	1	0	6	3	2	5	2	4	4	2	4	3	4	2	1	3	2	2	3	5	2	4	3	5	4	3	5	2	4	4	2	3	2	3	2	3	4	4	2	2	1	5	4	1	4	3	3	2	2	2	6	4	5	5	2	6
536	55	1	0	8	4	1	5	4	4	5	2	1	5	5	5	1	3	4	2	1	1	5	3	1	5	5	5	1	1	1	3	2	4	4	3	3	4	4	5	4	3	4	2	3	1	3	3	3	3	3	3	4	6	5	2	5	3
537	44	1	0	9	6	1	4	4	4	2	2	2	4	5	2	3	3	4	4	1	3	2	1	1	5	3	4	2	4	3	3	3	4	5	3	2	5	4	3	5	5	5	3	4	1	3	4	3	4	4	4	4	6	6	3	6	3
538	69	2	1	5	7	1	5	5	1	5	1	1	5	5	2	4	2	5	5	1	1	5	2	4	5	1	4	4	5	2	2	5	5	1	3	5	5	5	5	5	5	4	2	5	1	5	5	4	5	5	4	1	4	5	2	5	4
539	44	1	1	8	5	2	4	4	2	4	3	2	4	5	3	4	3	5	4	2	2	4	2	4	5	4	4	4	2	2	4	4	4	4	3	4	3	4	4	4	4	2	2	3	1	4	4	4	4	4	3	3	5	4	5	6	4
540	57	1	0	9	6	2	2	4	5	5	1	4	5	5	5	4	4	4	2	1	2	5	2	5	5	3	5	4	5	4	3	2	4	4	3	5	3	4	4	5	4	2	3	5	1	4	2	2	5	4	4	6	6	6	3	6	3
541	30	2	1	8	5	1	5	5	1	5	1	1	1	5	5	3	2	5	3	2	1	4	2	3	5	4	3	3	4	4	3	1	4	3	3	5	5	3	5	5	5	3	3	5	1	5	4	3	4	3	3	1	5	6	4	6	4
542	60	2	1	9	6	1	5	5	1	5	1	2	4	5	5	3	4	4	2	1	1	4	1	4	5	2	4	4	2	3	3	4	4	2	3	2	5	5	5	4	4	3	2	2	1	3	3	4	4	3	2	1	1	5	4	1	5
543	63	2	0	8	7	4	5	5	2	4	1	1	4	5	5	2	2	4	5	3	3	4	2	1	1	4	4	4	3	2	2	4	2	4	3	3	4	5	5	4	4	4	4	5	1	5	2	1	4	3	3	4	5	6	5	6	5
544	39	1	0	10	6	2	4	5	1	5	1	1	3	5	5	4	2	5	1	1	1	2	1	3	5	4	4	4	5	4	3	2	5	5	3	4	3	1	4	4	3	4	4	1	1	4	2	2	4	2	2	1	7	7	5	6	5
545	26	2	1	11	7	4	3	4	2	4	3	4	4	3	2	2	2	4	5	1	1	4	2	3	5	3	3	2	5	3	1	3	2	2	3	1	4	4	5	4	2	4	2	4	1	4	3	3	4	4	3	4	7	7	7	4	3
546	46	1	1	10	5	4	2	2	4	2	1	1	5	4	2	1	3	4	5	3	1	4	2	1	5	5	5	2	5	2	4	5	4	5	3	5	4	2	2	3	2	2	2	1	1	5	5	4	5	5	4	4	6	6	3	3	3
547	42	2	0	9	7	5	3	5	2	4	1	2	2	5	4	2	2	4	2	3	3	3	2	2	5	4	4	3	4	3	3	4	4	4	3	5	4	4	4	5	3	3	3	3	1	5	4	5	5	5	4	1	3	1	1	4	1
548	25	1	1	10	3	5	2	2	4	4	5	1	4	5	4	1	2	5	2	1	4	4	2	3	5	4	2	2	5	3	3	2	4	2	3	3	3	2	5	4	4	2	2	2	1	4	3	4	4	3	4	4	3	4	4	5	3
549	32	2	0	8	6	4	4	5	4	5	2	2	5	5	4	2	2	5	4	1	1	4	1	1	5	2	5	2	5	4	4	2	5	2	3	5	5	5	5	5	1	1	1	5	1	1	1	1	1	1	1	1	4	1	5	7	6
550	22	2	1	12	7	4	2	5	4	4	1	1	5	3	2	3	2	4	1	2	3	4	2	2	5	1	5	3	5	3	2	4	4	5	3	5	4	2	4	4	3	4	3	1	1	2	2	2	4	2	2	2	4	3	6	6	4
551	31	1	0	9	5	5	1	4	5	1	5	4	5	1	1	5	5	5	1	1	1	5	5	1	5	5	5	1	5	1	1	4	1	4	3	5	5	1	5	1	1	5	5	4	1	5	5	4	5	5	5	1	1	1	1	1	1
552	72	2	0	9	6	3	1	1	5	5	1	1	5	1	4	1	2	4	4	1	4	1	1	1	5	5	4	2	5	4	4	5	5	4	3	4	5	4	5	5	4	1	2	5	1	2	2	2	3	2	3	1	5	5	5	3	5
553	30	2	1	9	5	4	2	2	4	4	4	2	5	4	3	4	2	4	4	1	1	5	4	2	5	4	4	2	5	4	2	4	4	4	3	4	5	5	2	2	4	4	5	4	1	4	4	4	5	4	4	3	6	4	4	3	3
554	35	2	1	10	6	4	3	5	4	1	4	1	4	3	4	4	2	4	3	3	1	2	2	2	5	4	4	4	4	1	3	4	4	4	3	3	3	5	5	3	3	2	3	5	1	4	4	4	4	4	4	1	6	6	6	6	4
555	37	2	0	6	6	4	2	4	4	2	4	4	5	3	2	2	2	5	5	2	1	4	2	4	5	4	3	3	5	1	3	2	3	3	3	4	4	4	5	5	4	5	4	4	1	5	4	4	5	4	4	6	6	6	5	6	5
556	31	1	0	9	6	3	3	3	4	3	1	3	4	5	3	4	2	4	4	3	3	2	1	2	5	3	4	4	5	2	4	2	3	4	3	3	4	5	5	5	3	3	3	5	1	3	4	3	4	4	4	4	6	6	3	5	2
557	35	2	1	4	5	3	3	4	4	3	2	4	4	2	3	4	2	4	2	3	3	4	2	3	5	4	4	3	5	3	4	4	3	4	3	4	4	3	2	4	3	3	4	4	1	3	3	3	4	4	3	1	2	2	3	6	4
558	45	2	0	4	6	5	5	5	5	1	5	1	5	1	1	5	1	5	3	1	1	5	1	5	5	5	5	3	5	1	3	5	5	5	3	5	5	1	5	5	5	5	5	1	1	5	1	1	5	4	3	5	7	7	4	7	4
559	28	2	1	10	7	2	4	5	4	4	1	1	2	5	4	2	2	4	2	2	2	4	2	4	5	4	3	4	3	2	4	2	4	2	3	4	5	4	4	5	2	3	4	5	1	4	2	3	4	4	3	4	6	6	6	5	4
560	30	2	0	10	6	5	2	2	4	2	2	4	5	4	2	4	2	5	5	4	4	4	2	2	5	5	4	2	4	2	5	4	5	4	3	4	5	2	5	5	2	4	2	5	1	2	2	1	4	1	4	3	5	3	5	5	4
561	25	2	1	9	7	4	2	1	2	1	5	4	5	3	1	4	1	5	2	5	4	4	1	1	5	4	4	2	5	2	5	1	4	4	3	4	2	1	5	5	1	5	2	5	1	5	5	5	5	5	5	1	5	7	6	1	1
562	39	2	1	10	6	2	2	4	4	2	1	4	5	4	5	4	1	5	2	2	2	5	2	3	5	3	5	4	5	2	2	3	3	2	3	2	3	4	4	4	3	5	3	3	1	4	4	4	4	4	4	5	1	6	5	6	7
563	31	2	0	8	5	1	5	3	1	5	1	1	2	1	4	1	3	4	1	3	3	3	1	3	5	2	4	3	1	2	3	3	3	3	3	2	3	1	5	5	3	4	1	3	1	3	2	2	4	3	2	4	4	3	4	6	4
564	31	2	1	10	6	3	2	2	4	3	2	4	4	4	3	3	4	3	2	3	3	4	2	2	5	1	4	4	4	3	3	4	4	2	3	4	4	4	5	4	4	4	4	4	1	3	3	2	3	3	3	6	6	2	5	2	2
565	29	2	1	9	6	4	4	4	4	4	1	5	5	5	2	5	1	5	5	4	2	4	1	3	5	4	4	4	5	2	2	2	4	5	3	5	5	4	5	4	4	4	3	5	1	4	4	4	4	4	4	2	6	5	4	4	6
566	30	2	0	10	6	5	2	5	4	1	2	1	4	1	1	4	2	4	2	5	1	5	1	3	5	4	4	4	5	1	2	4	2	2	3	5	5	4	5	5	5	5	4	5	1	4	4	4	5	4	4	5	7	7	1	5	2
567	31	1	0	10	6	4	2	3	4	2	1	1	5	4	2	2	2	4	3	4	2	5	4	1	5	2	5	1	4	4	4	4	3	4	3	3	4	3	4	2	2	2	3	4	1	4	2	2	4	3	4	3	4	5	5	2	4
568	59	2	1	12	6	4	4	4	2	4	2	2	5	5	3	2	5	5	5	3	1	4	1	1	5	2	5	2	4	3	1	4	2	2	3	2	4	5	5	4	1	3	2	5	1	5	5	5	5	5	5	1	6	6	6	1	1
569	35	2	1	10	7	2	2	4	4	4	4	1	4	5	2	1	2	4	4	1	1	4	2	2	5	2	4	2	5	2	4	4	4	4	3	5	5	4	4	5	4	2	2	5	1	5	4	4	5	4	4	3	6	6	6	4	2
570	22	2	0	9	5	4	3	4	3	2	2	1	3	5	4	4	3	4	4	3	1	3	1	3	5	4	4	3	5	3	3	3	3	4	3	5	3	5	5	5	4	3	4	5	1	3	3	3	4	3	4	5	5	6	5	2	5
571	57	2	0	8	6	4	3	4	4	3	2	3	4	2	2	2	3	4	4	2	2	4	2	3	5	3	4	4	3	4	2	4	2	5	3	4	4	4	4	4	3	4	4	5	1	4	3	3	4	3	3	3	3	5	4	3	3
572	65	1	0	10	4	3	5	4	3	2	1	1	4	5	4	1	3	5	5	3	3	4	1	3	5	4	3	3	3	3	3	2	4	4	3	4	5	4	4	5	3	4	2	4	1	4	4	3	4	4	2	4	7	7	7	7	7
573	19	2	1	7	6	2	3	4	3	2	2	2	4	3	2	3	5	4	2	2	2	4	2	2	5	4	4	2	4	2	3	4	2	3	3	4	4	4	4	4	2	4	2	5	1	4	4	4	4	4	4	2	4	3	2	3	2
574	23	1	1	9	6	5	4	2	4	3	3	4	5	3	3	3	3	5	4	2	3	4	4	1	5	4	5	3	5	3	3	4	4	3	3	2	3	2	4	3	4	3	2	4	1	4	4	4	5	4	4	2	5	6	5	3	4
575	32	1	0	16	7	1	5	5	1	5	1	1	5	5	5	1	5	5	5	3	3	5	1	3	5	4	1	3	5	3	3	3	5	3	3	5	5	5	5	5	1	1	1	5	1	5	5	5	5	5	5	4	7	7	7	1	1
576	26	2	1	10	5	4	2	4	4	2	3	4	4	4	3	4	1	5	5	3	2	4	2	1	5	4	5	4	4	1	4	2	4	4	3	5	4	3	4	4	2	5	4	5	1	3	4	2	4	4	4	5	6	6	5	6	5
577	30	2	0	10	6	4	1	3	2	5	1	4	5	2	3	1	2	5	1	1	4	4	1	2	5	5	4	1	5	3	3	1	5	5	3	3	5	1	5	5	1	5	1	3	1	5	5	5	5	5	4	1	4	6	6	4	4
578	29	1	0	8	5	3	4	5	3	4	3	4	3	2	4	2	3	2	2	2	3	3	3	3	5	2	3	5	3	3	4	4	4	2	3	3	2	4	4	3	3	2	3	3	1	4	3	2	3	3	2	5	4	4	5	5	4
579	22	2	1	15	6	4	2	4	4	4	2	4	4	4	4	2	2	4	3	1	1	4	1	1	5	4	4	3	4	4	3	4	4	3	3	2	4	4	5	4	4	4	4	2	1	4	4	4	4	4	4	3	5	5	5	5	4
580	39	2	1	5	6	1	5	5	2	5	1	1	1	5	1	4	1	5	1	1	3	5	4	1	5	1	5	4	5	5	1	5	1	5	3	5	5	1	5	4	1	1	1	5	1	5	3	1	5	5	1	5	4	5	5	5	4
581	25	2	0	11	6	4	3	4	1	2	1	2	5	3	3	4	3	5	4	3	2	4	1	3	5	4	3	2	2	4	4	4	5	5	3	2	4	4	5	4	3	2	3	5	1	4	3	3	5	3	5	3	6	7	5	5	2
582	47	1	0	9	7	4	3	4	4	4	1	2	4	4	3	1	3	5	3	3	2	3	3	2	5	4	5	2	4	3	2	4	4	4	3	3	4	4	5	4	4	3	3	4	1	4	3	3	4	3	4	3	4	5	5	2	3
583	30	1	1	8	6	4	2	3	5	2	1	3	4	2	2	3	2	5	4	3	3	4	1	2	5	5	5	3	3	2	4	3	4	5	3	4	4	4	4	5	4	5	2	5	1	2	2	2	2	2	2	2	5	5	5	4	5
584	65	1	0	10	5	3	4	4	2	4	2	3	4	5	4	3	2	4	4	1	1	4	2	2	5	4	4	4	5	2	3	2	4	2	3	4	4	4	5	5	3	2	3	5	1	4	2	3	4	3	4	1	5	4	4	3	5
585	33	1	1	4	5	4	2	4	3	3	1	2	2	4	4	1	3	3	1	2	2	4	2	3	5	3	3	3	3	3	3	4	3	3	3	3	3	3	3	2	2	3	3	3	1	4	4	4	3	3	3	5	3	3	5	6	4
586	53	2	0	10	7	1	5	5	1	5	1	1	1	5	5	1	3	5	5	1	1	5	1	3	5	3	5	3	3	5	5	1	5	1	3	5	5	5	5	5	1	5	1	5	1	5	5	5	5	5	5	1	7	7	7	1	1
587	27	2	0	10	5	2	3	5	5	3	3	3	4	4	2	2	2	5	4	3	3	4	3	2	5	4	5	2	2	3	4	3	3	4	3	2	5	4	4	5	3	5	1	5	1	2	2	2	2	2	2	4	6	7	6	4	2
588	32	1	1	12	6	2	2	4	1	4	1	2	4	4	4	4	4	4	4	3	2	4	2	4	5	4	4	2	4	1	4	1	4	4	3	4	4	4	4	4	4	2	1	4	1	3	2	2	4	3	4	5	6	6	6	6	5
589	34	2	1	12	5	3	2	4	4	2	2	2	4	4	2	4	2	5	4	4	4	4	2	3	5	4	3	2	2	2	3	4	4	4	3	4	4	4	5	4	3	4	2	5	1	3	4	2	4	3	3	6	6	4	5	3	4
590	38	2	1	9	6	1	1	5	1	2	1	1	4	5	5	4	2	4	4	4	3	2	2	3	5	4	3	3	3	4	3	1	5	4	3	5	4	5	4	4	2	4	4	5	1	2	2	2	3	2	3	4	5	5	5	3	5
591	50	1	0	10	7	1	2	5	1	4	1	1	5	5	5	2	3	4	2	1	1	2	1	3	5	3	4	4	5	1	4	1	4	3	3	4	5	3	5	5	2	4	1	3	1	4	4	4	5	4	3	4	6	6	6	4	4
592	73	2	1	10	5	4	2	4	4	5	5	5	5	2	2	4	2	5	4	3	2	5	2	2	5	4	5	4	5	5	4	4	4	4	3	4	2	4	5	5	2	2	2	4	1	2	2	1	2	2	2	2	6	3	6	3	6
593	40	2	0	6	5	5	1	1	1	1	5	1	5	1	1	5	1	5	5	3	5	2	1	1	5	2	5	4	1	1	1	5	5	4	3	5	5	5	4	4	3	1	1	2	1	3	3	1	4	4	2	1	6	5	3	5	3
594	38	2	0	8	6	2	2	4	4	4	2	2	4	4	2	2	3	4	3	2	2	3	4	4	5	4	4	4	4	4	4	4	3	3	3	4	4	4	4	4	3	4	3	4	1	4	4	4	4	4	4	2	4	3	4	4	4
595	36	1	0	9	5	4	2	4	4	2	4	1	4	5	4	2	2	5	3	3	3	4	3	1	5	5	4	2	5	3	2	3	4	4	3	4	4	3	5	4	4	4	3	4	1	4	2	2	4	4	2	4	5	6	6	3	5
596	65	2	1	10	7	3	4	3	3	4	1	1	5	5	2	3	3	5	3	1	1	3	1	2	5	1	3	2	5	2	3	3	3	3	3	4	3	5	5	5	3	5	3	5	1	4	4	4	5	4	4	4	7	7	6	1	7
597	30	1	1	8	7	2	1	4	2	4	3	4	4	5	2	2	1	5	3	3	2	4	2	5	5	4	4	4	4	4	4	4	4	4	3	4	4	4	3	5	4	3	2	5	1	4	4	4	3	4	4	1	7	4	5	3	3
598	31	1	0	9	6	2	3	4	2	4	1	1	4	5	5	5	1	4	5	1	2	2	1	4	5	4	5	3	5	2	4	2	5	4	3	5	5	4	5	5	2	2	2	5	1	5	5	4	5	5	4	2	5	5	4	5	6
599	23	2	1	16	7	4	4	4	4	1	3	1	4	4	2	4	4	5	5	4	4	4	2	1	5	4	5	1	5	2	5	2	2	5	3	4	5	5	5	4	1	4	1	5	1	5	5	5	5	5	5	1	6	6	6	1	1
600	27	1	0	10	6	4	2	5	4	2	2	1	4	5	2	4	1	5	4	4	4	3	2	4	5	5	4	2	4	2	2	2	5	4	3	4	4	2	4	5	2	4	2	2	1	4	4	4	5	4	5	2	6	6	5	5	5
601	20	1	0	6	5	4	3	3	2	3	3	2	2	4	3	4	2	4	2	3	2	3	3	3	5	4	3	2	3	2	4	2	3	3	3	2	3	3	2	3	1	4	3	3	1	2	4	3	3	2	3	4	4	3	4	4	4
602	28	2	1	7	7	4	3	4	4	1	4	1	5	5	2	5	2	5	2	3	4	2	2	5	5	5	4	3	4	4	5	1	2	4	3	5	5	5	5	5	2	5	2	4	1	4	4	4	4	4	4	1	5	2	6	5	5
603	22	1	1	5	3	4	2	1	1	2	1	1	2	2	5	2	4	5	5	1	1	5	1	4	5	3	5	2	1	4	4	1	4	4	3	1	2	5	4	4	5	4	2	4	1	2	1	1	2	4	1	1	2	2	1	5	1
604	32	2	1	7	5	3	3	3	4	2	1	4	2	4	4	2	1	5	2	2	3	4	2	2	5	5	5	2	5	4	2	3	4	5	3	2	5	3	5	2	4	3	5	3	1	3	2	2	1	3	2	5	5	5	7	6	4
605	33	1	0	10	5	3	3	5	3	3	4	4	4	5	4	3	2	5	4	2	3	2	4	2	5	4	4	2	3	3	4	3	4	4	3	4	5	4	5	5	3	4	2	4	1	5	4	4	4	4	4	2	6	5	4	5	3
606	21	1	0	6	5	4	3	3	2	4	2	4	2	2	3	3	4	3	2	3	3	2	4	2	5	3	3	4	3	3	3	2	2	4	3	3	3	2	3	3	2	4	4	2	1	3	3	2	3	3	4	5	5	4	4	5	4
607	35	2	1	8	5	3	2	4	4	4	4	2	3	3	3	2	2	4	3	3	2	3	2	2	5	3	4	2	5	3	2	2	3	3	3	3	4	3	4	4	4	4	2	4	1	3	4	3	4	3	4	3	5	5	4	5	4
608	59	1	1	9	7	4	1	4	4	4	4	1	5	5	4	4	2	5	4	3	5	4	1	3	5	4	4	4	5	2	4	4	5	5	3	4	4	1	5	5	4	2	1	1	1	5	4	4	5	5	5	5	6	7	7	4	1
609	18	1	0	9	6	2	3	5	3	4	1	1	4	5	4	2	1	5	2	3	3	4	3	3	5	5	5	2	5	2	4	5	5	4	3	5	5	4	1	3	3	4	1	4	1	4	5	4	5	5	5	1	5	4	2	2	2
610	36	2	1	11	6	5	2	2	5	1	2	4	5	2	1	2	2	5	4	2	1	2	1	1	5	4	5	4	5	2	3	1	2	4	3	5	2	4	4	4	2	4	4	2	1	4	2	3	4	4	4	3	6	5	4	5	4
611	27	2	0	9	6	4	3	4	4	2	3	1	4	3	2	4	3	4	4	2	2	4	2	3	5	3	4	3	3	3	2	3	3	4	3	4	4	3	5	3	3	2	2	5	1	3	2	3	3	3	2	2	5	2	4	5	4
612	28	1	0	10	7	4	5	5	5	4	5	4	4	4	4	4	5	4	3	4	5	5	3	4	5	4	5	2	5	5	5	2	5	4	3	5	5	5	5	5	5	5	5	5	1	3	5	3	4	4	4	6	6	5	5	5	6
613	39	1	1	10	5	2	2	3	4	2	2	4	3	3	2	3	3	2	2	3	2	2	2	3	5	3	2	2	2	2	3	3	3	2	3	2	3	2	3	2	3	2	3	2	1	2	3	2	2	3	3	5	5	5	6	6	4
614	61	1	1	5	4	1	3	3	4	2	5	5	4	2	2	5	4	5	2	1	1	2	1	3	5	2	5	3	5	3	3	5	3	4	3	3	3	4	4	4	2	2	3	5	1	4	3	3	5	5	4	1	1	1	1	1	1
615	22	2	0	11	5	4	2	2	4	4	1	2	5	4	2	2	2	4	2	2	2	4	2	3	5	2	4	3	3	3	3	2	4	4	3	3	3	5	4	4	4	2	2	4	1	2	2	2	2	2	2	4	6	5	4	3	2
616	73	1	1	8	5	1	1	5	4	1	1	4	5	4	2	1	1	5	4	1	1	5	4	3	5	4	5	2	5	3	1	5	4	2	3	5	5	3	5	5	1	5	4	5	1	5	4	5	5	5	5	1	4	5	2	5	1
617	44	2	0	11	7	4	2	5	5	1	1	1	5	5	1	4	1	5	1	4	2	5	1	1	5	4	5	1	5	5	2	2	5	2	3	4	4	4	3	4	5	2	1	5	1	4	4	2	5	3	4	1	1	1	5	1	3
618	32	2	1	8	6	4	2	4	1	2	2	4	4	5	2	4	2	5	2	2	2	4	1	2	5	2	4	3	4	3	3	4	4	4	3	3	3	1	5	2	2	2	5	3	1	4	4	4	4	3	3	1	4	5	1	5	1
619	29	1	0	8	5	1	5	5	1	4	1	1	1	5	5	4	2	5	4	4	5	1	1	2	5	2	4	2	5	5	5	4	5	4	3	5	5	4	5	5	2	2	2	5	1	4	4	2	5	4	2	1	2	2	1	2	1
620	61	2	0	9	6	3	3	5	4	2	3	1	4	5	2	2	2	4	4	3	3	4	1	3	5	3	3	3	4	4	3	4	5	4	3	4	4	3	5	4	3	3	1	5	1	5	4	4	5	4	4	3	6	6	4	3	3
621	26	1	1	2	5	1	2	2	2	4	3	1	1	5	5	1	2	5	5	1	1	5	2	2	1	3	5	2	3	2	4	2	4	4	3	5	3	5	4	5	3	4	3	2	1	3	4	2	5	2	3	5	6	7	3	5	3
622	33	1	1	8	5	2	3	3	2	4	3	4	3	1	2	4	2	3	2	3	3	3	4	2	5	3	3	4	4	4	2	3	2	3	3	3	3	2	2	4	5	2	3	4	1	3	3	2	3	2	4	6	4	4	6	6	5
623	30	2	1	10	7	4	2	2	4	2	1	4	4	3	2	4	2	5	1	1	3	4	4	1	5	3	4	2	5	2	1	4	3	2	3	4	4	2	4	4	1	4	5	2	1	4	4	3	5	3	4	4	6	6	6	4	4
624	25	1	1	10	5	4	4	4	4	4	4	4	4	4	4	4	4	4	4	4	4	4	4	4	5	5	5	3	4	2	1	5	4	5	3	2	2	2	2	2	2	2	2	2	1	3	3	3	3	3	3	1	5	6	3	5	6
625	38	1	0	8	4	1	4	4	2	2	2	2	5	5	2	1	4	5	4	1	1	5	1	1	5	5	5	5	5	1	2	2	5	1	3	1	2	2	5	5	1	1	1	5	1	3	2	1	1	3	3	6	3	6	5	6	5
626	32	2	0	10	5	2	5	5	5	1	1	1	2	5	1	3	1	5	5	1	1	2	1	3	5	4	5	2	5	1	1	2	5	3	3	5	3	4	5	5	2	3	4	5	2	3	2	2	4	2	3	1	6	6	2	6	2
627	56	1	1	8	4	1	4	5	4	4	1	4	4	5	5	3	3	4	5	3	3	3	1	3	5	3	3	3	3	3	3	2	5	4	3	3	5	3	3	4	3	5	1	4	1	3	3	3	3	3	3	2	2	1	1	5	4
628	20	2	1	10	4	4	3	3	3	4	2	4	5	3	5	4	1	5	4	2	1	3	1	3	5	5	5	4	3	5	3	4	4	5	3	4	4	5	3	4	3	5	2	4	1	3	2	1	3	3	1	3	4	4	3	5	4
629	33	1	1	14	7	2	4	5	2	1	2	1	5	4	4	5	1	5	4	5	2	4	1	5	5	4	1	5	1	1	4	2	5	1	3	4	5	4	5	4	2	1	1	2	1	1	5	5	1	4	5	7	6	7	7	7	6
630	35	1	1	9	2	2	3	5	4	3	2	1	4	5	3	2	1	5	4	3	3	2	2	3	5	3	4	2	1	4	3	5	5	3	3	4	5	2	3	4	4	5	3	2	1	3	3	2	2	5	2	2	2	4	2	2	3
631	47	1	0	9	7	4	2	5	3	3	5	5	4	3	2	2	2	4	3	2	2	5	3	2	5	4	2	3	5	2	3	3	4	3	3	4	3	4	5	4	3	4	3	5	1	4	4	4	5	4	4	1	3	3	1	2	2
632	21	2	0	10	6	4	1	2	4	2	4	2	5	2	1	4	1	5	4	2	2	5	2	3	5	4	4	2	5	1	3	1	1	2	3	4	2	2	4	4	2	4	2	5	1	4	4	3	4	2	4	3	5	6	3	6	3
633	38	2	1	9	6	4	2	4	3	2	2	3	5	4	2	3	2	4	2	2	2	5	2	2	5	4	4	2	3	4	4	4	4	3	3	4	4	3	5	4	3	4	3	5	1	4	3	3	4	3	3	5	6	4	5	3	4
634	45	2	1	9	6	4	4	2	4	2	5	4	5	5	2	4	4	4	4	3	4	2	2	1	5	4	4	2	5	3	4	4	4	4	3	4	4	4	3	4	2	4	4	5	1	4	4	2	4	4	4	6	6	1	2	3	2
635	52	2	0	9	6	2	4	4	1	4	4	1	2	5	5	1	4	5	5	4	3	5	1	1	5	3	5	3	5	1	4	1	5	4	3	3	5	5	5	5	1	5	1	5	1	4	4	4	4	4	4	1	6	3	6	1	3
636	29	2	0	10	6	4	1	4	4	5	1	1	5	5	5	3	5	5	4	4	3	3	4	4	5	5	3	4	3	4	4	4	4	4	3	4	5	5	5	4	3	4	3	4	1	4	3	1	4	4	3	1	4	5	3	4	3
637	35	2	1	15	7	1	5	5	2	2	1	1	1	5	5	4	5	4	4	2	2	5	1	3	5	2	3	5	4	1	1	1	2	3	3	5	3	4	5	5	3	2	1	5	1	4	4	4	4	3	4	7	1	7	7	7	7
638	69	2	0	12	6	4	3	4	4	3	5	2	5	4	3	4	4	4	3	1	2	3	2	5	5	2	5	4	4	3	3	5	3	4	3	4	5	3	5	4	4	3	3	4	1	4	3	3	3	3	2	1	4	3	4	3	2
639	31	1	1	10	6	2	2	5	4	3	4	1	3	4	3	4	4	5	4	1	2	2	2	3	5	1	2	5	3	2	2	4	3	3	3	4	5	2	4	5	3	2	1	3	1	4	4	4	4	3	5	5	7	7	4	6	5
640	26	1	0	10	5	5	2	5	5	1	5	4	5	1	1	2	3	3	5	2	2	4	2	1	5	3	4	2	5	2	4	2	4	3	3	2	4	4	4	5	2	2	2	3	1	4	4	4	4	4	4	2	6	5	4	4	5
641	51	1	0	8	6	2	3	3	3	3	3	4	3	3	4	2	1	4	3	1	1	4	3	3	5	3	4	3	5	2	1	2	3	3	3	4	4	3	4	4	2	3	4	4	1	4	4	4	4	3	4	2	5	6	4	4	3
642	48	1	0	10	7	1	4	1	4	4	1	1	2	5	4	4	2	5	4	5	5	4	1	4	5	5	5	4	5	2	4	1	4	2	3	4	5	4	5	4	4	2	1	5	1	5	5	5	4	5	5	1	5	6	6	2	1
643	35	2	1	9	5	3	2	4	4	3	3	2	4	4	4	2	3	5	4	2	2	3	2	3	5	4	4	3	3	3	4	3	5	4	3	5	3	4	5	4	4	2	3	5	1	3	4	3	4	3	3	2	5	6	5	6	4
644	56	2	1	5	7	3	4	4	3	4	1	2	3	5	5	3	2	4	2	3	3	2	1	4	5	5	5	4	5	3	5	2	5	2	3	5	5	2	5	5	3	3	1	5	1	3	3	2	3	3	3	4	5	3	4	4	3
645	27	2	0	10	6	1	4	5	2	4	1	4	4	4	2	4	2	5	4	2	2	4	1	2	5	4	5	4	3	5	4	2	5	4	3	4	5	4	5	4	2	5	4	5	1	5	5	5	5	4	5	4	6	6	3	5	5
646	34	1	1	6	4	4	3	2	3	2	3	5	2	1	2	4	1	5	1	1	5	4	3	3	5	2	3	3	5	3	3	2	4	5	3	3	2	2	4	4	4	3	3	5	1	1	2	1	1	3	2	2	3	3	2	2	2
647	38	1	0	9	5	1	5	5	4	3	4	1	1	5	2	2	1	5	4	3	4	2	1	1	5	5	5	1	5	1	3	2	4	5	3	4	5	2	5	5	1	4	4	3	1	5	5	4	5	5	4	1	5	5	3	5	3
648	20	2	1	10	6	5	1	5	5	4	1	1	5	5	2	2	4	4	3	4	2	4	1	3	5	3	4	4	5	5	3	4	2	5	3	3	3	4	5	3	1	4	2	4	1	4	3	3	5	4	3	5	3	7	6	6	2
649	22	2	0	8	5	3	4	3	2	3	3	3	3	3	3	3	3	3	2	3	3	3	2	2	5	3	2	2	3	2	2	3	2	2	3	3	3	3	3	2	3	3	3	2	1	2	3	3	2	2	3	6	6	6	6	6	6
650	31	2	0	10	7	1	4	5	1	2	1	1	4	5	4	2	1	5	2	3	1	5	1	2	5	2	5	2	2	4	1	4	4	1	3	4	5	4	5	4	2	4	2	4	1	2	1	1	2	2	4	2	5	5	2	3	2
651	35	1	0	6	6	3	2	2	2	3	3	3	2	2	3	3	3	2	3	3	3	4	3	3	5	2	3	4	3	2	3	3	3	3	3	3	3	2	3	2	3	2	2	3	1	2	3	2	2	3	3	4	5	6	5	3	5
652	32	2	1	9	6	3	3	4	2	3	4	4	4	4	4	2	3	4	3	3	3	4	2	3	5	2	3	3	5	2	3	2	4	4	3	3	4	4	3	4	3	3	3	3	1	4	3	3	4	4	3	3	3	6	5	5	3
653	27	2	1	9	5	4	4	5	5	2	2	4	5	5	5	5	1	5	5	4	4	4	1	2	5	5	4	4	5	4	3	4	4	5	3	1	4	2	2	5	2	4	2	5	1	4	4	2	5	4	5	2	3	3	3	3	2
654	45	2	1	9	5	3	4	5	1	3	3	1	3	5	3	4	1	5	3	5	5	5	4	3	5	4	2	3	2	4	3	3	1	5	3	4	5	5	5	5	1	1	1	5	1	3	3	3	4	3	3	4	7	5	3	5	4
655	27	1	0	4	5	4	3	4	3	2	4	2	3	2	4	3	4	2	3	2	2	2	3	4	5	3	4	3	4	3	3	3	3	3	3	2	3	4	2	4	2	3	3	3	1	4	3	3	3	3	3	3	5	6	6	4	4
656	28	2	0	11	6	4	2	2	1	4	1	1	4	5	2	4	2	5	4	2	1	5	2	3	5	4	3	4	2	2	2	2	4	4	3	4	4	4	5	4	2	2	4	2	1	5	4	4	5	4	4	2	2	6	5	6	4
657	23	2	1	9	5	4	1	4	4	1	5	4	5	4	1	4	4	3	4	1	1	5	4	4	5	2	4	2	5	2	3	2	2	4	3	5	5	2	5	5	2	5	5	5	1	3	4	2	3	2	3	1	2	3	4	4	4
658	33	2	1	12	6	4	3	3	4	2	2	2	4	4	3	4	1	4	4	4	2	4	2	3	5	4	4	3	4	2	4	4	3	4	3	2	3	3	4	4	2	2	2	3	1	4	3	3	4	3	3	4	5	5	5	5	6
659	35	2	0	10	6	3	2	4	4	3	2	2	4	2	3	4	2	4	4	4	4	3	2	2	5	4	4	3	4	2	4	2	3	3	3	3	4	4	5	4	2	4	3	3	1	4	4	4	5	3	4	4	5	6	4	3	2
660	26	2	1	14	7	4	5	5	2	5	1	1	4	5	4	2	4	5	4	2	5	5	1	4	5	5	5	2	5	1	4	4	5	4	3	5	4	5	5	5	4	5	2	5	1	5	5	5	5	5	5	6	7	7	6	7	6
661	36	2	0	9	4	1	5	5	1	5	1	1	1	5	5	2	5	5	5	5	5	5	5	4	5	5	2	5	3	2	5	1	3	5	3	5	5	5	5	4	1	3	4	5	1	1	1	1	2	4	2	4	4	7	3	3	2
662	25	2	1	6	4	4	3	4	2	2	2	3	4	4	5	2	2	4	4	2	2	4	2	3	5	1	4	3	4	3	2	4	4	2	3	3	4	3	3	3	4	4	2	4	1	3	2	2	3	3	4	1	5	3	4	5	2
663	47	2	0	6	6	1	5	5	1	5	5	1	5	5	5	2	4	4	4	4	3	4	2	4	5	2	4	4	3	3	4	4	4	3	3	4	4	3	5	5	4	4	3	5	1	4	4	4	4	4	4	5	7	7	4	4	4
664	30	1	1	8	5	2	4	5	1	5	2	1	4	2	2	2	4	4	4	4	1	5	2	4	5	5	4	5	5	4	2	4	5	5	3	4	2	2	5	4	2	2	2	2	1	4	4	4	5	4	4	2	5	3	2	7	5
665	35	1	1	10	7	2	4	3	2	2	1	1	2	5	4	2	3	3	4	2	1	4	3	1	5	4	2	2	3	3	2	2	4	1	3	3	5	4	4	5	4	2	2	3	1	4	4	3	5	4	4	4	5	7	4	5	6
666	50	2	0	9	5	4	3	5	1	4	3	3	5	4	4	2	2	5	3	3	3	4	1	1	5	4	4	4	5	1	4	2	4	3	3	4	4	4	5	5	4	3	2	4	1	5	5	4	5	5	5	4	4	4	4	4	4
667	42	2	1	10	6	4	4	4	4	4	2	2	4	4	2	2	2	4	2	2	4	4	2	4	5	4	4	4	4	2	2	4	4	2	3	2	4	4	4	2	4	4	4	5	1	4	4	4	4	4	4	3	4	3	2	5	4
668	64	2	1	10	7	2	3	4	4	4	4	4	4	4	3	3	3	5	4	2	1	4	2	3	5	5	4	3	5	3	4	2	4	4	3	4	3	5	5	5	2	4	2	4	1	4	3	3	4	4	4	1	5	2	3	2	4
669	42	2	0	8	4	4	5	2	4	4	1	2	4	5	2	5	4	2	4	2	4	4	3	4	5	2	2	3	3	4	2	3	4	2	3	5	5	5	4	5	3	4	3	3	1	5	5	1	5	5	5	1	4	4	2	6	3
670	22	2	0	13	7	4	4	3	3	3	1	1	3	5	4	2	4	4	4	4	5	3	2	3	5	4	4	2	4	3	4	3	3	3	3	4	4	4	4	4	3	5	2	5	1	5	5	5	5	4	5	2	7	7	7	3	3
671	34	1	1	5	4	1	5	5	5	3	3	3	3	5	5	3	2	3	5	4	3	2	3	4	5	1	2	4	5	4	3	2	5	3	3	3	2	2	5	5	3	2	4	3	1	5	3	3	3	5	3	4	5	4	2	7	4
672	38	1	0	6	6	4	4	5	4	4	1	1	4	5	4	4	2	5	5	3	4	4	1	3	5	5	5	2	4	2	5	5	5	5	3	5	4	4	5	5	4	2	2	4	1	4	4	5	5	5	4	1	3	3	1	3	1
673	52	2	1	2	7	4	3	4	3	4	2	1	4	5	2	3	4	4	4	3	4	3	5	4	5	4	4	3	5	3	3	4	4	4	3	3	4	4	5	5	4	5	3	5	1	4	4	4	4	3	4	5	6	6	6	6	4
674	46	2	0	8	5	4	2	2	4	2	1	4	5	3	2	4	2	4	1	2	2	4	2	2	5	4	4	3	3	4	3	4	4	4	3	5	4	3	4	5	4	2	3	4	1	3	3	2	4	4	3	4	4	4	4	5	4
675	39	1	0	9	7	1	5	5	1	5	1	1	5	5	5	1	5	5	4	1	1	2	1	3	5	4	4	4	5	5	4	4	5	5	3	5	5	4	2	5	1	5	2	4	1	5	5	5	5	5	5	2	5	6	6	5	3
676	35	1	0	9	5	1	5	4	1	3	1	1	4	5	1	1	1	4	3	3	3	4	1	5	5	4	5	2	5	2	4	2	5	3	3	3	5	5	5	5	1	1	1	5	5	5	4	5	5	5	4	5	5	6	4	5	5
677	44	2	1	10	6	2	2	4	1	5	2	1	5	4	5	5	2	5	2	1	3	1	2	2	5	2	4	2	5	4	2	2	3	3	3	2	3	3	5	4	2	5	2	5	1	3	3	2	4	2	3	2	7	6	5	3	4
678	25	2	1	9	6	3	3	3	2	2	2	4	4	3	2	3	4	3	2	3	2	3	2	4	5	2	4	3	4	3	3	3	4	4	3	4	4	3	3	4	2	4	3	3	1	3	4	3	2	2	3	4	6	7	4	2	3
679	32	1	1	9	6	4	4	4	3	5	4	5	5	2	4	2	2	5	2	3	1	4	3	2	5	5	4	2	5	2	1	3	4	4	3	2	4	1	3	3	4	4	4	4	1	3	3	3	3	3	3	2	4	5	2	4	2
680	41	2	0	8	6	1	5	5	1	5	5	1	1	5	5	1	2	5	5	1	2	1	1	5	5	3	5	1	3	5	3	5	5	4	3	5	5	5	5	5	1	1	1	3	1	5	5	4	5	5	3	2	1	1	6	5	1
681	45	1	0	9	6	4	4	3	2	4	2	2	4	4	5	2	2	5	4	2	2	1	2	2	5	1	3	3	2	3	2	2	1	2	3	5	4	4	4	4	4	4	3	4	1	3	4	3	4	4	4	3	5	6	4	5	3
682	65	2	1	10	6	2	4	4	4	4	2	1	4	5	4	3	2	4	4	3	2	4	2	2	5	4	4	2	4	2	3	2	4	3	3	4	5	5	4	4	3	4	2	4	1	4	3	4	5	4	4	6	6	6	5	4	3
683	22	1	0	9	5	4	3	3	4	2	3	3	2	4	3	2	3	4	3	4	3	3	3	2	5	3	2	4	4	4	4	3	3	3	3	3	4	3	3	4	3	4	3	3	1	3	3	4	2	3	4	4	4	6	4	6	4
684	29	1	1	11	5	5	2	4	4	2	4	2	5	4	2	2	2	5	2	2	2	4	2	4	5	4	4	4	5	2	4	2	4	3	3	4	4	2	4	4	4	4	2	4	1	4	4	4	4	4	4	4	4	5	4	4	5
685	31	2	1	10	7	1	5	5	1	5	1	1	1	5	5	1	2	5	5	3	5	2	1	2	5	5	4	4	3	1	4	4	5	4	3	4	4	2	5	5	4	4	1	5	1	4	4	4	5	4	5	4	6	6	4	6	6
686	29	2	0	6	6	5	2	2	2	2	2	4	4	2	5	3	2	4	3	2	1	2	2	1	5	3	4	3	4	3	4	2	3	4	3	3	4	4	3	2	2	3	2	4	1	4	4	5	5	3	3	5	2	3	1	4	3
687	32	1	0	9	6	4	2	4	1	2	1	1	5	5	5	2	5	5	5	1	2	4	2	2	5	4	5	1	5	3	2	5	4	4	3	5	5	2	4	5	2	2	4	2	1	2	5	4	5	4	3	1	3	2	1	3	2
688	26	1	0	10	6	2	4	4	2	2	1	2	4	4	4	3	2	5	4	3	2	4	2	4	5	4	3	4	3	2	4	2	4	4	3	4	4	3	2	4	2	4	2	5	1	4	4	4	4	4	4	4	5	6	5	4	4
689	42	1	1	11	6	3	3	3	1	5	3	1	5	5	5	1	3	4	5	3	3	5	3	3	5	3	4	2	3	3	3	5	5	5	3	5	5	3	5	5	3	5	5	3	1	5	3	3	5	4	3	4	7	7	7	4	4
690	42	2	1	9	6	1	4	4	4	3	4	1	4	5	2	4	2	4	4	3	2	2	1	2	5	4	4	2	1	2	3	2	3	2	3	2	4	4	3	4	1	2	3	5	1	4	2	2	3	3	2	3	5	5	3	4	4
691	41	1	1	3	4	5	1	1	1	1	1	1	5	5	5	3	1	5	2	2	1	5	2	2	5	2	5	3	2	5	3	5	5	2	3	5	2	1	2	1	5	1	5	1	1	1	1	1	1	1	1	1	2	1	2	3	1
692	36	1	0	8	6	1	4	4	1	3	5	1	1	5	5	1	3	5	4	1	1	4	1	1	5	3	5	1	3	3	4	3	5	2	3	5	4	4	5	4	3	1	3	3	1	1	1	1	1	3	1	2	1	5	1	4	1
693	55	2	0	9	6	3	2	3	4	4	4	4	4	3	2	3	4	4	3	3	3	4	3	3	5	4	4	3	3	2	3	3	3	3	3	3	4	3	4	4	3	5	3	3	1	5	4	4	3	4	3	1	1	1	1	1	1
694	47	1	1	8	7	3	2	5	3	2	4	1	4	5	4	4	2	5	4	4	3	4	2	2	5	4	2	4	3	2	4	2	5	4	3	4	4	4	5	4	2	2	2	5	1	5	4	4	5	5	5	4	6	6	6	7	5
695	39	2	1	12	5	1	3	3	3	3	1	1	5	5	2	5	3	5	3	5	4	3	1	4	5	4	3	3	5	4	4	5	4	5	3	5	5	4	4	4	4	3	5	5	1	3	3	3	3	3	3	4	5	6	5	7	3
696	40	2	0	15	7	1	5	5	2	5	3	1	3	1	2	1	2	5	3	1	1	1	1	1	5	5	5	1	5	1	4	3	5	3	3	5	4	2	4	5	3	2	3	5	1	4	4	3	4	3	3	5	3	6	7	1	6
697	29	1	1	8	5	2	2	2	2	5	4	4	2	5	4	2	3	4	2	2	4	3	2	2	5	4	4	2	3	4	3	2	4	4	3	4	4	2	4	4	4	3	2	3	1	4	4	4	4	4	3	3	5	4	5	3	4
698	34	1	0	7	6	3	2	1	3	1	1	2	3	3	2	4	5	3	4	4	4	5	3	4	5	1	2	3	2	2	3	1	3	1	3	5	4	5	3	5	3	3	4	4	1	5	3	4	3	4	5	6	4	7	4	6	5
699	37	2	0	8	5	4	4	4	4	5	4	5	4	2	2	4	4	4	4	5	4	5	4	4	5	3	4	4	5	3	4	4	5	4	3	4	4	4	4	4	5	4	5	4	1	4	4	5	4	4	4	6	5	6	6	6	6
700	45	1	1	1	1	3	3	3	3	3	3	3	3	3	3	3	3	3	3	3	3	3	3	3	5	3	3	3	2	3	3	3	3	3	3	3	3	3	5	3	3	3	4	3	1	3	3	3	3	3	3	1	1	1	1	1	1
701	41	2	1	6	6	1	5	5	4	1	1	3	3	5	2	4	2	5	2	1	3	5	2	3	5	4	4	5	3	5	3	4	1	4	3	5	3	5	5	5	2	4	2	4	1	4	1	1	4	2	1	1	1	3	1	3	1
702	53	2	0	8	3	3	4	4	4	3	3	4	4	5	2	2	2	4	5	3	2	4	3	2	5	3	5	2	2	4	3	5	3	3	3	3	4	4	4	5	3	4	4	4	1	3	2	3	2	3	3	1	2	4	2	4	2
703	38	1	0	8	5	4	5	2	4	5	4	3	5	3	5	1	4	5	5	3	3	3	5	1	5	5	5	3	5	5	1	1	5	5	3	1	3	5	1	4	5	1	3	4	1	4	4	3	4	4	4	4	5	5	3	4	1
704	52	2	1	7	6	4	2	3	4	2	4	1	5	4	3	4	4	5	1	3	3	4	4	1	5	3	5	1	5	3	4	4	4	4	3	4	4	1	5	4	3	4	3	5	1	2	2	1	1	3	1	3	4	4	2	4	1
705	29	2	0	10	6	2	2	5	1	4	1	1	2	5	2	4	2	4	3	4	2	3	2	3	5	3	4	3	2	3	4	2	3	4	3	3	4	2	4	3	3	3	4	4	1	5	4	3	5	4	4	2	3	6	6	2	2
706	21	3	1	16	7	1	3	5	1	5	3	1	3	5	5	1	3	1	1	1	1	1	5	1	5	3	3	1	3	5	1	5	1	3	3	3	1	3	1	1	5	5	3	3	1	5	3	3	3	5	3	7	7	7	7	7	7
707	43	2	1	10	6	1	4	5	1	4	1	2	2	5	5	4	2	5	4	3	2	4	2	4	5	4	3	4	4	2	4	2	3	3	3	5	5	4	5	5	2	5	2	4	1	5	5	5	5	5	5	4	6	6	6	4	4
708	22	1	1	8	6	2	5	5	1	5	2	2	3	5	5	5	2	5	4	2	2	3	2	3	5	4	3	4	3	2	4	2	4	5	3	5	4	5	5	4	2	3	3	5	1	3	2	2	2	2	1	3	5	7	3	6	2
709	30	2	1	5	3	3	3	3	2	4	3	1	4	4	4	2	4	4	3	4	3	4	3	3	5	4	5	3	3	4	4	3	4	4	3	5	4	4	4	3	5	5	4	4	3	5	5	3	4	4	4	2	3	5	3	4	5
710	33	2	0	13	6	2	2	4	3	3	3	3	2	3	4	3	3	3	4	4	3	4	4	4	5	4	3	3	4	4	4	4	4	5	3	4	4	3	4	4	3	5	4	5	1	4	4	4	4	4	3	4	3	5	6	3	2
711	43	1	1	9	7	1	5	5	1	4	3	1	1	5	4	1	5	4	5	1	1	5	1	3	5	4	5	2	5	2	2	2	2	4	3	5	5	5	5	4	3	5	2	5	5	4	4	4	5	4	4	4	6	6	2	5	3
712	79	1	1	9	5	4	4	2	1	4	5	1	4	4	5	2	4	4	2	2	2	4	2	3	5	2	3	3	1	2	3	2	4	1	3	4	4	2	4	4	4	2	2	4	1	4	4	4	4	4	3	1	5	5	5	3	3
713	54	2	0	8	7	2	5	4	2	4	2	2	4	5	5	4	2	5	1	2	2	4	1	4	5	5	4	4	5	2	4	2	4	4	3	5	5	1	5	5	4	4	2	4	1	5	5	5	5	5	4	1	7	7	7	7	3
714	46	2	0	12	5	5	1	4	5	1	5	5	1	4	1	5	5	5	5	1	1	4	1	3	5	4	5	4	5	1	3	1	1	3	3	4	2	4	5	5	2	1	2	5	1	5	2	2	5	2	5	5	6	7	4	1	5
715	22	1	1	12	6	4	2	3	2	3	1	4	5	5	4	1	2	5	4	3	3	4	3	3	5	3	5	1	5	3	3	4	5	2	3	2	3	1	5	4	4	3	4	5	1	5	5	5	5	5	5	3	5	6	6	2	3
716	35	1	1	10	6	4	3	3	4	3	4	3	4	3	2	4	3	4	3	4	4	4	3	3	5	4	4	3	5	2	4	2	4	4	3	3	3	2	5	4	2	2	2	3	1	4	4	4	4	4	4	3	5	6	5	2	3
717	47	1	0	10	7	1	5	5	1	5	4	2	5	5	5	2	2	4	1	1	1	2	1	2	5	3	3	2	5	3	4	1	5	4	3	2	3	4	1	5	1	1	1	4	1	5	5	5	5	5	5	6	1	4	1	4	5
718	22	1	1	9	5	4	2	2	4	4	1	5	4	4	4	2	4	5	1	2	3	4	2	3	5	4	5	2	4	3	3	3	4	4	3	3	2	2	4	3	4	4	5	2	1	2	3	2	3	2	3	4	5	7	5	6	6
719	26	2	0	8	6	3	3	1	3	4	2	5	5	3	3	2	2	5	4	3	4	1	1	1	5	3	4	4	5	2	3	3	3	4	3	2	3	4	3	3	3	3	3	4	1	3	3	3	4	3	3	2	3	2	1	2	1
720	33	2	0	7	7	3	2	5	1	2	3	3	4	5	4	1	4	4	5	4	4	2	1	3	5	4	5	4	2	5	5	5	5	4	3	5	5	2	5	5	1	5	1	5	1	5	5	5	5	5	4	6	7	6	2	7	1
721	27	2	1	11	6	2	5	5	2	4	4	1	4	5	4	2	2	4	2	1	1	4	2	2	5	4	4	2	5	2	3	2	4	2	3	5	4	4	4	4	1	5	2	5	1	4	4	4	5	4	4	6	7	7	7	3	2
722	39	2	0	9	5	3	4	4	4	4	2	1	3	5	4	3	2	4	4	4	5	2	2	3	5	5	4	4	4	3	4	2	4	4	3	4	4	4	4	5	2	2	2	4	1	4	4	4	4	4	4	4	6	6	6	4	5
723	27	2	1	10	7	4	2	3	1	2	1	4	5	4	2	2	4	4	2	4	5	5	2	2	5	2	4	2	5	2	3	2	4	4	3	5	4	3	5	5	4	2	3	3	1	5	5	5	5	4	4	5	7	7	6	7	6
724	39	1	1	16	2	2	4	4	1	3	4	4	4	2	4	5	2	5	4	5	5	1	5	5	5	5	5	4	5	5	5	5	5	5	3	4	4	2	4	5	5	5	4	5	1	5	1	1	1	5	1	3	7	7	7	7	7
725	30	2	0	8	7	4	4	4	4	3	2	2	4	4	4	2	2	4	4	4	4	4	3	3	5	4	4	4	4	4	4	4	4	4	3	4	4	4	4	4	4	4	4	4	1	4	4	4	4	4	4	7	5	5	6	2	2
726	40	2	0	8	5	2	2	5	1	4	1	4	4	2	1	5	1	4	3	3	1	4	4	2	5	4	4	3	4	2	4	2	5	5	3	5	3	2	5	4	4	4	2	5	1	4	4	3	4	2	2	3	6	6	6	3	4
727	32	2	1	10	6	4	2	4	4	4	3	2	4	4	4	3	2	5	4	1	1	4	1	1	5	1	4	1	2	3	4	2	4	2	3	2	4	4	5	4	2	1	2	5	1	2	2	2	2	3	3	1	6	6	3	6	1
728	26	1	1	5	4	2	3	3	2	3	3	3	2	4	4	3	4	2	4	3	4	3	3	1	5	2	2	5	3	3	3	3	4	3	3	3	2	3	4	4	2	3	3	4	1	3	4	4	3	2	3	3	3	6	5	3	4
729	37	2	0	8	6	1	5	5	4	5	1	1	1	5	4	2	3	4	2	1	1	4	2	2	5	4	4	4	5	2	4	2	3	3	3	5	4	4	5	5	4	2	4	3	1	4	4	4	5	4	4	1	5	1	1	1	1
730	40	2	0	10	6	3	3	3	3	3	3	1	3	5	1	3	3	3	3	3	3	3	3	3	5	3	3	3	3	3	3	3	3	3	3	3	3	3	3	3	3	3	3	3	1	3	3	3	3	3	3	4	4	4	4	4	4
731	55	2	0	8	5	3	3	3	3	3	3	3	3	3	3	3	3	3	3	3	3	3	3	3	5	3	3	3	3	3	3	3	3	3	3	3	3	3	3	3	3	3	3	3	1	3	3	3	3	3	3	1	2	1	3	2	3
732	57	2	1	9	6	1	4	4	3	4	1	1	2	1	4	4	2	5	4	1	1	4	1	2	5	4	4	4	5	4	3	2	4	4	3	4	4	4	5	4	3	2	3	4	1	4	3	3	4	3	3	4	5	5	6	3	3
733	50	1	0	10	4	2	4	4	2	3	3	2	4	5	2	3	3	4	4	3	3	4	2	3	5	3	4	3	4	3	3	3	5	4	3	4	3	4	4	4	4	3	3	4	1	3	3	3	3	3	3	4	4	4	4	4	4
734	25	2	0	9	5	2	2	4	4	1	4	2	4	5	2	2	4	4	2	4	4	4	2	1	5	4	2	3	3	4	2	3	4	4	3	4	4	4	4	4	2	2	2	4	1	4	4	4	4	4	4	5	6	6	2	4	4
735	24	2	1	8	5	4	2	3	4	4	4	3	4	4	2	4	2	5	3	1	1	2	2	3	5	3	5	2	3	4	3	4	4	4	3	5	4	2	4	3	4	3	3	4	1	3	2	5	3	4	2	2	4	4	3	4	3
736	27	2	0	9	5	4	2	2	4	4	2	4	4	4	2	4	2	4	4	1	1	4	2	1	5	2	4	2	4	4	4	3	2	4	3	4	2	4	2	2	2	4	2	4	1	2	2	2	4	2	4	4	5	5	4	2	3
737	57	2	0	9	7	1	5	1	5	5	1	1	5	1	3	5	5	5	4	1	1	4	1	1	5	2	4	3	5	4	4	2	5	4	3	2	5	5	5	5	1	2	2	5	1	5	5	5	5	5	5	4	3	3	4	7	7
738	23	2	0	10	7	3	2	2	2	4	2	2	3	3	2	4	2	4	3	2	3	5	2	4	5	4	3	4	3	4	4	2	4	4	3	2	4	4	5	4	2	2	4	4	1	5	5	5	5	5	5	1	1	1	1	1	1
739	35	2	1	10	7	2	2	5	4	4	2	4	4	5	2	2	2	4	4	2	2	4	2	4	5	2	4	4	4	2	2	2	4	3	3	2	4	4	4	5	2	2	2	5	1	4	3	4	4	4	4	2	4	4	5	3	3
740	55	2	0	10	7	4	4	4	4	4	4	1	4	5	4	2	4	5	2	1	1	4	2	3	5	2	4	4	2	3	4	2	4	2	3	2	4	2	5	4	4	2	2	2	1	5	5	5	5	4	4	2	6	6	5	2	2
741	63	2	1	9	7	4	3	5	4	3	1	4	4	5	2	1	3	4	4	3	1	2	1	2	5	4	4	4	4	3	3	1	4	4	3	2	4	4	5	4	3	4	2	5	1	4	4	4	4	4	4	7	7	5	7	1	1
742	42	2	0	5	6	1	5	5	5	2	1	5	5	5	5	2	1	5	5	1	1	3	3	3	5	4	5	3	3	3	4	3	5	5	3	5	5	5	1	5	3	3	3	4	1	3	5	3	1	5	3	1	5	2	1	3	1
743	29	2	1	10	7	4	1	4	5	2	3	4	4	5	2	2	2	5	4	4	4	2	3	4	5	4	4	5	4	3	3	2	4	3	3	5	4	4	5	4	3	4	3	3	1	4	3	4	4	3	3	1	7	7	6	5	4
744	30	2	1	9	4	4	4	2	4	2	2	2	5	3	2	4	1	4	4	2	5	4	1	2	5	1	3	2	3	2	1	1	4	4	3	2	2	5	5	5	2	4	3	5	1	2	1	2	2	2	1	2	5	3	5	2	2
745	42	2	0	8	6	4	2	2	4	2	4	1	5	4	2	3	2	2	1	4	4	2	4	3	5	2	4	3	5	4	2	4	4	2	3	3	4	1	2	1	5	2	4	3	1	4	2	2	4	2	2	1	2	2	1	2	1
746	31	2	0	12	6	1	5	5	2	1	1	1	1	5	5	4	1	5	5	5	5	5	1	1	5	2	5	2	1	1	5	4	5	4	3	5	5	5	5	5	5	1	1	5	1	5	1	2	4	2	4	1	7	7	1	1	1
747	32	1	0	11	6	4	2	2	4	4	4	4	4	3	2	4	2	4	4	3	3	2	1	2	5	5	4	1	5	4	5	4	3	4	3	4	4	4	5	5	2	2	2	2	1	4	4	5	5	4	4	3	1	5	6	3	4
748	45	2	0	9	6	2	4	5	2	4	1	5	3	4	4	4	2	5	5	1	3	5	1	3	5	4	5	3	4	2	2	1	3	5	3	2	4	4	5	5	2	5	4	4	1	5	5	5	5	4	5	1	7	7	7	5	5
749	37	1	0	8	4	4	3	3	4	2	4	4	4	2	2	2	2	4	3	3	4	3	3	2	5	4	4	3	5	4	3	4	3	3	3	4	4	3	5	4	3	3	1	5	1	3	3	3	4	4	4	4	4	4	4	4	4
750	64	2	1	9	7	1	5	5	4	5	1	4	2	4	4	4	4	4	4	3	3	2	2	4	5	4	4	4	5	2	3	4	4	4	3	4	3	4	5	5	4	4	3	5	1	4	4	4	4	4	4	1	6	7	7	3	6
751	26	1	0	8	6	4	3	5	3	3	4	5	5	4	4	3	4	3	4	4	3	4	3	4	5	4	4	3	3	4	4	3	3	4	3	4	3	3	3	3	4	3	4	4	1	3	3	4	4	4	4	6	6	4	7	4	3
752	50	2	0	9	6	3	3	3	4	2	3	3	4	4	2	3	2	4	3	2	2	4	2	3	5	4	4	2	4	2	4	3	4	3	3	4	4	3	5	4	3	3	4	4	2	3	3	3	3	3	3	3	5	4	4	2	3
753	40	1	0	13	5	4	3	4	5	2	3	4	5	4	4	4	2	3	4	3	2	4	4	2	5	5	4	4	5	2	3	1	4	4	3	3	4	3	5	2	3	4	3	1	1	4	4	3	5	4	4	3	1	6	6	6	4
754	69	2	1	10	6	4	3	4	5	2	1	1	4	2	2	4	2	5	4	4	3	2	2	5	5	4	4	4	5	2	5	2	4	4	3	5	4	4	5	5	2	4	2	5	1	5	5	4	5	4	5	2	6	6	5	4	3
755	36	2	0	9	5	4	2	4	4	2	3	4	4	2	2	3	4	5	4	3	2	4	2	3	5	3	4	4	4	3	5	2	3	4	3	2	3	4	4	5	2	2	1	1	1	3	4	3	4	3	2	1	1	6	3	6	2
756	42	2	0	3	6	3	4	3	3	2	2	3	3	4	3	4	4	4	3	3	2	4	3	3	5	3	3	4	2	2	4	2	3	3	3	4	2	3	1	4	4	3	3	5	2	3	3	3	3	3	3	3	4	4	7	4	4
757	71	1	1	8	5	1	5	2	4	4	1	4	2	5	4	1	2	5	2	3	1	4	2	2	5	4	5	2	5	2	4	4	4	4	3	2	5	2	4	5	3	5	3	5	1	4	3	4	4	3	2	3	2	3	2	3	3
758	51	1	0	10	6	4	1	2	4	4	2	1	5	4	2	4	2	5	5	1	2	4	1	2	5	3	4	2	5	2	3	2	5	4	3	2	3	4	4	2	3	2	2	2	1	4	3	3	4	4	4	2	7	7	6	2	4
759	57	2	0	9	6	3	4	4	3	4	1	2	4	5	4	2	2	4	1	1	1	4	1	3	5	3	4	3	3	3	3	4	4	1	3	4	5	1	5	4	4	2	4	1	1	3	1	1	3	2	3	1	4	4	2	1	2
760	24	2	0	8	5	4	2	4	4	2	4	4	4	4	3	3	5	4	2	2	1	4	3	2	5	2	4	2	5	2	4	4	3	3	3	4	3	4	4	4	2	2	4	2	1	4	2	2	4	2	4	5	4	5	5	5	5
761	49	2	1	8	4	1	4	2	5	4	1	5	5	2	5	4	3	4	1	1	3	4	3	3	5	4	3	4	4	3	3	5	5	3	3	4	3	2	5	5	2	4	4	4	1	3	3	3	4	4	3	4	4	4	4	4	4
762	36	1	1	9	6	2	3	4	3	3	3	2	2	4	4	4	2	5	4	2	2	4	3	3	5	3	4	3	5	4	3	2	4	3	3	4	3	4	3	4	4	2	3	4	1	4	3	3	4	4	4	3	5	5	5	5	4
763	28	1	1	10	5	3	3	4	4	2	2	3	4	4	3	4	4	4	4	1	2	4	2	3	5	2	4	4	5	2	2	4	4	4	3	3	5	4	5	4	2	3	4	4	1	3	2	2	4	2	4	2	6	3	7	3	7
764	42	2	0	10	6	4	2	1	4	2	4	4	5	2	2	4	2	4	1	2	2	5	2	2	5	4	4	2	5	2	4	4	4	4	3	4	3	4	5	4	2	4	1	5	1	3	2	2	2	2	2	5	2	6	6	3	6
765	43	1	0	12	6	2	3	4	1	2	2	1	5	4	4	4	2	4	3	1	2	4	2	2	5	2	4	3	4	4	4	3	4	4	3	2	1	2	4	2	2	3	3	1	1	4	4	4	5	4	4	2	5	6	5	4	4
766	57	2	0	9	7	3	4	5	1	5	1	1	4	5	5	4	2	5	4	2	2	4	3	3	5	5	5	3	4	2	4	4	2	4	3	4	4	4	5	4	2	5	1	3	1	5	5	5	5	5	5	5	6	6	4	3	1
767	34	2	1	10	6	2	3	4	3	3	3	2	4	4	3	3	2	4	4	3	2	5	1	3	5	3	2	4	4	3	2	2	3	2	3	4	4	4	4	4	2	3	3	4	1	3	3	3	3	3	3	4	4	5	5	5	4
768	50	2	0	8	6	3	2	2	4	4	4	2	2	2	2	4	1	5	2	2	1	4	2	2	5	4	5	2	5	2	3	4	2	4	3	5	2	2	5	4	4	3	2	4	1	3	2	2	4	3	3	3	5	3	1	6	2
769	57	2	0	11	5	3	3	1	4	4	4	1	5	3	1	1	1	5	1	1	3	4	1	3	5	3	5	3	3	1	3	3	4	4	3	4	3	2	5	3	2	4	1	4	1	3	4	1	3	1	2	2	2	3	2	3	2
770	63	1	0	9	7	4	2	3	4	2	4	3	4	4	4	3	2	5	4	1	1	1	4	2	5	5	5	4	4	4	4	2	4	5	3	2	5	5	3	5	4	2	1	5	1	5	4	3	5	4	4	1	1	3	4	6	6
771	43	2	0	9	6	3	4	5	4	4	5	4	4	3	4	2	1	5	2	1	2	4	2	1	5	4	4	2	5	2	3	4	4	4	3	4	2	2	5	4	2	4	2	4	1	3	2	2	4	3	4	2	5	5	1	4	2
772	38	1	0	4	6	4	3	3	3	3	3	5	3	4	4	1	4	4	1	3	3	3	3	2	5	2	2	2	3	3	2	4	2	2	3	3	4	4	3	3	4	3	2	5	1	4	4	3	4	4	3	5	5	5	5	5	3
773	46	1	1	10	7	4	5	4	2	2	1	1	4	5	2	2	4	5	4	2	2	2	2	4	5	4	2	4	4	4	4	2	5	4	3	5	4	4	5	5	4	5	2	5	1	4	4	4	5	5	4	5	7	6	6	5	6
774	48	2	0	6	5	3	4	5	2	4	3	5	4	5	4	3	4	4	3	3	3	3	4	3	5	3	3	3	2	3	4	3	4	4	3	3	4	3	5	4	5	3	3	5	1	3	3	2	3	3	2	3	3	3	3	4	3
775	49	2	1	12	7	4	4	4	4	4	5	4	4	4	2	4	4	5	4	2	2	4	1	4	5	4	4	4	4	2	4	2	4	4	3	2	3	4	5	4	4	4	2	2	1	5	5	5	5	5	4	1	4	5	5	1	4
776	49	2	1	8	5	5	2	4	4	3	1	1	4	4	4	3	2	4	2	1	1	5	1	3	5	3	3	2	5	3	3	2	4	3	3	5	3	2	4	4	3	4	3	2	1	3	2	1	2	3	2	4	5	5	3	5	2
777	41	2	0	9	7	4	2	5	1	5	3	1	4	5	5	2	1	5	4	1	2	4	1	2	5	2	4	2	4	5	4	5	4	1	3	4	5	3	5	4	2	4	1	5	1	4	4	4	4	4	5	1	6	6	5	1	1
778	65	2	0	9	6	4	2	4	5	2	4	4	5	4	5	4	5	5	5	1	2	4	4	1	5	3	5	5	1	1	3	1	4	5	3	4	4	5	5	5	1	1	1	5	1	1	1	1	2	1	1	1	6	5	2	6	5
779	28	2	1	13	4	4	4	2	4	3	2	5	2	4	3	3	3	5	5	3	2	3	1	1	5	4	4	4	4	2	4	2	4	3	3	1	4	4	4	1	1	3	3	4	1	4	4	3	4	3	4	1	5	5	6	5	6
780	39	2	0	10	6	5	1	5	5	2	1	1	5	5	2	5	2	5	2	2	1	5	2	1	5	4	5	2	5	2	2	5	4	3	3	5	2	2	5	5	3	4	4	4	1	2	2	2	4	3	2	3	7	5	5	5	2
781	50	2	1	10	6	4	3	5	4	5	1	1	5	5	3	5	1	5	1	1	3	5	2	5	5	5	5	4	5	2	5	5	4	5	3	3	5	2	5	5	1	4	5	5	1	5	5	4	5	5	4	4	5	4	4	5	7
782	30	2	0	10	5	4	4	4	3	3	1	1	3	5	4	4	4	4	2	2	2	2	2	2	5	3	4	2	4	3	2	3	4	3	3	4	3	3	4	5	4	2	2	5	1	3	4	3	4	3	3	4	4	4	5	4	4
783	28	1	1	8	6	5	3	2	4	3	2	2	5	5	5	5	2	5	1	3	2	4	4	1	5	2	3	5	5	2	3	5	4	2	3	3	1	1	5	2	4	1	5	1	1	1	2	2	2	2	2	2	5	5	6	5	1
784	41	1	1	8	5	4	2	3	4	2	4	4	4	4	2	4	5	4	5	1	1	2	2	4	5	4	3	4	2	1	4	2	4	4	3	2	4	4	3	4	2	4	2	4	1	3	1	1	4	2	2	1	2	4	5	5	2
785	42	2	0	9	4	5	2	2	4	5	1	1	1	5	2	1	5	4	5	3	3	5	1	2	5	2	5	2	5	5	3	2	4	4	3	5	3	5	5	1	4	5	2	5	1	3	4	4	4	4	4	1	5	5	5	5	5
786	53	2	1	10	6	2	2	2	4	4	2	1	4	2	2	4	1	4	4	1	1	4	3	2	5	4	2	3	3	5	4	2	3	2	3	4	4	2	5	3	1	4	2	5	1	2	2	2	2	2	2	3	3	6	6	5	2
787	57	2	1	10	6	2	2	4	4	2	4	4	5	5	2	4	2	5	2	3	2	4	1	2	5	4	4	4	5	2	2	4	2	4	3	5	3	4	5	4	2	4	2	5	1	4	4	2	5	4	4	3	5	5	5	5	6
788	26	3	1	12	6	4	1	2	5	4	3	5	5	1	1	2	1	5	4	2	1	5	5	5	5	5	5	1	5	4	5	5	2	5	3	5	2	5	5	5	1	5	2	4	5	4	4	4	5	4	4	6	5	1	5	1	1
789	35	1	0	10	6	4	4	4	4	4	4	4	5	4	4	4	5	4	3	4	4	4	4	2	5	3	4	3	2	2	4	2	3	3	3	4	4	4	4	4	4	4	4	3	1	4	4	4	4	4	4	3	5	5	4	4	4
790	34	1	1	11	5	4	2	4	4	4	3	5	5	4	4	4	3	5	4	2	3	4	3	2	5	5	5	3	4	4	4	4	4	4	3	2	5	4	4	5	3	3	2	4	1	4	4	3	4	3	4	1	3	3	5	5	4
791	52	2	1	10	7	2	4	5	1	5	1	3	1	5	5	5	5	4	3	1	1	4	1	2	5	2	3	4	2	2	5	5	3	1	3	4	4	5	4	5	2	2	1	4	1	3	1	2	2	4	2	4	7	2	4	6	4
792	58	2	0	5	3	2	4	2	2	4	2	2	4	2	4	2	3	4	3	3	3	2	3	3	5	4	3	3	3	3	3	3	4	3	3	4	3	3	4	4	3	3	3	4	1	3	3	3	3	3	2	2	2	4	2	3	4
